index,target
0,0
1,0
2,0
3,0
4,0
5,1
6,0
7,0
8,1
9,0
10,0
11,0
12,0
13,0
14,0
15,1
16,1
17,0
18,1
19,0
20,0
21,1
22,0
23,0
24,0
25,1
26,0
27,1
28,1
29,1
30,1
31,0
32,1
33,0
34,0
35,0
36,0
37,1
38,0
39,0
40,1
41,0
42,0
43,0
44,1
45,0
46,0
47,0
48,0
49,0
50,1
51,0
52,0
53,0
54,0
55,0
56,0
57,0
58,0
59,1
60,0
61,0
62,0
63,0
64,0
65,0
66,0
67,0
68,0
69,0
70,0
71,0
72,1
73,0
74,0
75,0
76,0
77,0
78,0
79,0
80,0
81,0
82,0
83,0
84,1
85,0
86,0
87,0
88,1
89,0
90,0
91,0
92,0
93,0
94,1
95,0
96,0
97,0
98,0
99,0
100,1
101,1
102,0
103,0
104,1
105,1
106,0
107,0
108,0
109,1
110,0
111,0
112,1
113,0
114,0
115,1
116,0
117,0
118,0
119,0
120,0
121,0
122,0
123,1
124,0
125,0
126,0
127,0
128,0
129,0
130,1
131,0
132,0
133,0
134,0
135,0
136,0
137,0
138,1
139,1
140,0
141,0
142,0
143,0
144,0
145,1
146,1
147,0
148,0
149,1
150,0
151,1
152,1
153,0
154,0
155,0
156,0
157,0
158,1
159,0
160,0
161,0
162,0
163,0
164,0
165,0
166,0
167,0
168,0
169,0
170,0
171,0
172,0
173,1
174,0
175,0
176,0
177,1
178,1
179,0
180,0
181,0
182,0
183,1
184,0
185,0
186,0
187,0
188,0
189,0
190,1
191,0
192,0
193,0
194,0
195,0
196,1
197,1
198,0
199,0
200,0
201,0
202,0
203,0
204,1
205,0
206,0
207,0
208,1
209,0
210,0
211,0
212,0
213,0
214,0
215,0
216,1
217,0
218,1
219,0
220,1
221,0
222,1
223,0
224,0
225,1
226,1
227,0
228,0
229,0
230,0
231,0
232,0
233,0
234,0
235,0
236,0
237,1
238,1
239,0
240,0
241,0
242,0
243,0
244,0
245,1
246,0
247,1
248,0
249,0
250,0
251,0
252,0
253,1
254,0
255,0
256,0
257,0
258,1
259,0
260,0
261,0
262,0
263,1
264,1
265,0
266,0
267,1
268,0
269,0
270,0
271,0
272,1
273,0
274,1
275,0
276,0
277,0
278,0
279,0
280,0
281,0
282,0
283,0
284,0
285,0
286,0
287,0
288,0
289,0
290,0
291,0
292,0
293,0
294,1
295,0
296,0
297,0
298,0
299,0
300,0
301,1
302,1
303,0
304,0
305,0
306,0
307,1
308,1
309,0
310,0
311,1
312,0
313,0
314,0
315,1
316,0
317,0
318,0
319,1
320,0
321,0
322,1
323,1
324,0
325,0
326,1
327,0
328,0
329,1
330,1
331,0
332,1
333,1
334,0
335,0
336,0
337,0
338,1
339,0
340,1
341,0
342,0
343,0
344,0
345,0
346,0
347,0
348,0
349,1
350,0
351,0
352,0
353,0
354,0
355,1
356,0
357,1
358,0
359,0
360,0
361,1
362,0
363,0
364,0
365,0
366,0
367,1
368,0
369,0
370,0
371,0
372,0
373,1
374,0
375,0
376,0
377,1
378,0
379,0
380,0
381,0
382,0
383,1
384,1
385,0
386,0
387,0
388,0
389,0
390,0
391,0
392,0
393,1
394,1
395,0
396,1
397,0
398,0
399,0
400,0
401,0
402,0
403,0
404,1
405,0
406,1
407,0
408,0
409,1
410,0
411,1
412,0
413,0
414,1
415,0
416,0
417,1
418,0
419,0
420,0
421,1
422,0
423,0
424,0
425,0
426,0
427,1
428,0
429,1
430,0
431,0
432,1
433,0
434,0
435,0
436,0
437,1
438,0
439,0
440,0
441,0
442,0
443,0
444,0
445,0
446,0
447,1
448,0
449,0
450,0
451,1
452,0
453,0
454,0
455,0
456,0
457,0
458,0
459,0
460,0
461,0
462,0
463,1
464,0
465,0
466,0
467,1
468,0
469,1
470,0
471,0
472,1
473,1
474,0
475,0
476,1
477,0
478,0
479,1
480,1
481,1
482,0
483,0
484,0
485,0
486,0
487,0
488,0
489,0
490,0
491,0
492,0
493,0
494,0
495,0
496,0
497,0
498,1
499,1
500,0
501,0
502,1
503,0
504,1
505,1
506,0
507,0
508,1
509,0
510,0
511,0
512,0
513,0
514,0
515,0
516,0
517,0
518,0
519,0
520,0
521,0
522,1
523,0
524,0
525,1
526,1
527,0
528,1
529,1
530,0
531,0
532,1
533,0
534,1
535,0
536,0
537,0
538,0
539,0
540,0
541,0
542,1
543,0
544,0
545,0
546,1
547,1
548,0
549,1
550,0
551,0
552,0
553,0
554,1
555,0
556,0
557,0
558,1
559,0
560,0
561,0
562,1
563,1
564,0
565,0
566,1
567,0
568,0
569,0
570,1
571,0
572,0
573,0
574,1
575,0
576,0
577,0
578,0
579,0
580,0
581,0
582,0
583,1
584,0
585,0
586,0
587,0
588,0
589,0
590,0
591,0
592,0
593,0
594,1
595,0
596,0
597,0
598,0
599,0
600,0
601,0
602,0
603,0
604,1
605,1
606,1
607,0
608,0
609,0
610,0
611,0
612,0
613,0
614,0
615,0
616,0
617,1
618,0
619,0
620,0
621,0
622,0
623,1
624,0
625,0
626,0
627,0
628,1
629,0
630,0
631,0
632,0
633,0
634,0
635,0
636,1
637,0
638,0
639,0
640,0
641,0
642,0
643,0
644,0
645,0
646,0
647,0
648,0
649,0
650,0
651,0
652,0
653,0
654,0
655,0
656,0
657,1
658,0
659,0
660,0
661,0
662,1
663,1
664,1
665,0
666,0
667,0
668,1
669,0
670,0
671,0
672,0
673,1
674,1
675,0
676,1
677,0
678,0
679,0
680,0
681,0
682,1
683,0
684,0
685,0
686,0
687,0
688,1
689,0
690,0
691,0
692,1
693,0
694,0
695,0
696,0
697,1
698,0
699,0
700,0
701,0
702,1
703,1
704,1
705,0
706,1
707,0
708,1
709,0
710,1
711,0
712,1
713,0
714,0
715,0
716,1
717,0
718,0
719,0
720,0
721,1
722,0
723,1
724,0
725,0
726,0
727,0
728,0
729,0
730,0
731,0
732,0
733,0
734,1
735,0
736,0
737,0
738,0
739,0
740,0
741,0
742,0
743,0
744,0
745,0
746,0
747,0
748,0
749,1
750,0
751,0
752,0
753,0
754,0
755,0
756,0
757,0
758,1
759,0
760,1
761,0
762,0
763,0
764,0
765,0
766,0
767,1
768,0
769,0
770,0
771,0
772,0
773,0
774,0
775,1
776,0
777,0
778,0
779,0
780,0
781,1
782,0
783,0
784,0
785,0
786,0
787,0
788,0
789,0
790,0
791,1
792,0
793,0
794,0
795,0
796,1
797,0
798,0
799,0
800,0
801,0
802,0
803,0
804,0
805,0
806,0
807,0
808,0
809,1
810,0
811,1
812,0
813,0
814,0
815,0
816,0
817,0
818,1
819,0
820,0
821,0
822,1
823,0
824,1
825,0
826,0
827,0
828,0
829,0
830,0
831,0
832,1
833,1
834,0
835,0
836,1
837,1
838,0
839,1
840,0
841,0
842,0
843,0
844,1
845,0
846,1
847,0
848,1
849,0
850,0
851,1
852,0
853,0
854,0
855,0
856,1
857,1
858,0
859,0
860,1
861,0
862,0
863,1
864,0
865,0
866,1
867,0
868,1
869,0
870,0
871,0
872,0
873,1
874,0
875,1
876,0
877,0
878,0
879,0
880,1
881,0
882,1
883,0
884,1
885,0
886,1
887,0
888,0
889,0
890,1
891,0
892,1
893,0
894,1
895,1
896,0
897,0
898,0
899,0
900,1
901,1
902,1
903,1
904,1
905,0
906,0
907,0
908,1
909,0
910,0
911,0
912,1
913,0
914,0
915,0
916,0
917,0
918,1
919,0
920,0
921,0
922,0
923,0
924,0
925,0
926,0
927,1
928,0
929,1
930,0
931,0
932,0
933,0
934,0
935,0
936,0
937,0
938,0
939,0
940,0
941,0
942,1
943,0
944,1
945,0
946,0
947,0
948,0
949,0
950,1
951,0
952,1
953,0
954,0
955,1
956,1
957,0
958,0
959,1
960,0
961,0
962,0
963,1
964,0
965,0
966,0
967,0
968,0
969,0
970,0
971,0
972,0
973,0
974,1
975,0
976,0
977,0
978,1
979,0
980,0
981,0
982,0
983,0
984,0
985,0
986,0
987,0
988,1
989,0
990,0
991,1
992,0
993,0
994,0
995,0
996,0
997,0
998,0
999,0
1000,1
1001,0
1002,1
1003,0
1004,0
1005,0
1006,0
1007,1
1008,1
1009,0
1010,1
1011,0
1012,0
1013,1
1014,0
1015,0
1016,0
1017,0
1018,0
1019,0
1020,0
1021,0
1022,0
1023,0
1024,0
1025,0
1026,0
1027,0
1028,0
1029,0
1030,0
1031,0
1032,0
1033,0
1034,1
1035,0
1036,0
1037,0
1038,0
1039,1
1040,0
1041,0
1042,0
1043,0
1044,0
1045,0
1046,0
1047,0
1048,0
1049,0
1050,0
1051,0
1052,0
1053,0
1054,0
1055,0
1056,1
1057,0
1058,0
1059,0
1060,1
1061,0
1062,0
1063,0
1064,0
1065,0
1066,1
1067,0
1068,0
1069,0
1070,0
1071,1
1072,0
1073,0
1074,0
1075,0
1076,1
1077,0
1078,0
1079,0
1080,0
1081,0
1082,0
1083,1
1084,1
1085,0
1086,1
1087,0
1088,0
1089,0
1090,0
1091,0
1092,0
1093,0
1094,1
1095,0
1096,1
1097,0
1098,0
1099,1
1100,0
1101,1
1102,0
1103,1
1104,0
1105,0
1106,1
1107,0
1108,0
1109,0
1110,0
1111,0
1112,0
1113,1
1114,0
1115,0
1116,1
1117,0
1118,0
1119,0
1120,1
1121,0
1122,0
1123,1
1124,1
1125,0
1126,0
1127,0
1128,0
1129,0
1130,0
1131,0
1132,0
1133,0
1134,1
1135,1
1136,1
1137,0
1138,0
1139,1
1140,1
1141,0
1142,0
1143,0
1144,0
1145,0
1146,0
1147,0
1148,1
1149,0
1150,0
1151,1
1152,0
1153,0
1154,0
1155,1
1156,0
1157,0
1158,1
1159,0
1160,0
1161,0
1162,1
1163,0
1164,0
1165,0
1166,0
1167,0
1168,0
1169,0
1170,0
1171,0
1172,1
1173,0
1174,0
1175,1
1176,0
1177,0
1178,0
1179,0
1180,0
1181,0
1182,0
1183,1
1184,0
1185,0
1186,0
1187,0
1188,0
1189,0
1190,0
1191,0
1192,0
1193,0
1194,1
1195,0
1196,0
1197,1
1198,0
1199,1
1200,0
1201,0
1202,0
1203,0
1204,1
1205,0
1206,0
1207,0
1208,0
1209,0
1210,0
1211,1
1212,1
1213,0
1214,0
1215,0
1216,0
1217,0
1218,1
1219,0
1220,1
1221,0
1222,1
1223,0
1224,0
1225,0
1226,1
1227,0
1228,1
1229,1
1230,0
1231,0
1232,0
1233,0
1234,1
1235,1
1236,0
1237,1
1238,0
1239,0
1240,0
1241,0
1242,1
1243,0
1244,0
1245,0
1246,1
1247,1
1248,1
1249,0
1250,0
1251,0
1252,1
1253,1
1254,0
1255,1
1256,0
1257,0
1258,1
1259,1
1260,0
1261,0
1262,1
1263,0
1264,0
1265,0
1266,0
1267,0
1268,1
1269,0
1270,1
1271,0
1272,1
1273,1
1274,0
1275,1
1276,0
1277,0
1278,0
1279,0
1280,0
1281,0
1282,0
1283,0
1284,0
1285,0
1286,0
1287,0
1288,0
1289,1
1290,0
1291,0
1292,0
1293,0
1294,1
1295,0
1296,0
1297,1
1298,0
1299,0
1300,0
1301,0
1302,1
1303,0
1304,0
1305,1
1306,0
1307,1
1308,0
1309,0
1310,0
1311,0
1312,0
1313,0
1314,0
1315,1
1316,0
1317,0
1318,1
1319,0
1320,1
1321,0
1322,0
1323,0
1324,1
1325,0
1326,0
1327,0
1328,0
1329,0
1330,0
1331,0
1332,0
1333,0
1334,0
1335,0
1336,1
1337,1
1338,0
1339,0
1340,0
1341,0
1342,1
1343,0
1344,0
1345,1
1346,0
1347,0
1348,0
1349,0
1350,1
1351,0
1352,0
1353,0
1354,1
1355,0
1356,0
1357,0
1358,0
1359,0
1360,0
1361,0
1362,0
1363,1
1364,0
1365,0
1366,1
1367,0
1368,0
1369,0
1370,0
1371,0
1372,0
1373,1
1374,0
1375,0
1376,0
1377,0
1378,0
1379,0
1380,0
1381,0
1382,1
1383,0
1384,0
1385,0
1386,1
1387,0
1388,1
1389,0
1390,0
1391,0
1392,0
1393,0
1394,0
1395,0
1396,0
1397,1
1398,0
1399,0
1400,0
1401,0
1402,0
1403,0
1404,1
1405,0
1406,0
1407,0
1408,0
1409,0
1410,1
1411,0
1412,0
1413,0
1414,0
1415,0
1416,0
1417,0
1418,0
1419,0
1420,0
1421,0
1422,0
1423,0
1424,0
1425,1
1426,1
1427,0
1428,0
1429,0
1430,0
1431,1
1432,1
1433,0
1434,1
1435,0
1436,1
1437,0
1438,0
1439,0
1440,0
1441,0
1442,0
1443,0
1444,1
1445,1
1446,0
1447,0
1448,1
1449,0
1450,0
1451,0
1452,0
1453,1
1454,0
1455,1
1456,0
1457,0
1458,0
1459,1
1460,0
1461,0
1462,0
1463,0
1464,0
1465,0
1466,0
1467,0
1468,0
1469,0
1470,0
1471,1
1472,1
1473,0
1474,0
1475,0
1476,1
1477,0
1478,0
1479,0
1480,0
1481,0
1482,0
1483,0
1484,0
1485,0
1486,1
1487,0
1488,0
1489,0
1490,1
1491,0
1492,0
1493,0
1494,0
1495,0
1496,0
1497,0
1498,0
1499,0
1500,0
1501,0
1502,0
1503,0
1504,0
1505,1
1506,0
1507,0
1508,0
1509,1
1510,0
1511,0
1512,0
1513,1
1514,1
1515,0
1516,0
1517,0
1518,0
1519,0
1520,0
1521,0
1522,0
1523,0
1524,0
1525,0
1526,0
1527,0
1528,0
1529,1
1530,0
1531,1
1532,0
1533,0
1534,1
1535,0
1536,0
1537,1
1538,0
1539,1
1540,0
1541,1
1542,0
1543,0
1544,0
1545,0
1546,0
1547,0
1548,0
1549,0
1550,0
1551,0
1552,0
1553,0
1554,1
1555,0
1556,0
1557,0
1558,0
1559,0
1560,1
1561,0
1562,0
1563,0
1564,0
1565,0
1566,0
1567,0
1568,1
1569,1
1570,1
1571,1
1572,1
1573,0
1574,0
1575,0
1576,0
1577,0
1578,0
1579,0
1580,0
1581,0
1582,0
1583,0
1584,0
1585,0
1586,1
1587,0
1588,0
1589,0
1590,0
1591,0
1592,1
1593,0
1594,0
1595,1
1596,0
1597,0
1598,0
1599,0
1600,0
1601,0
1602,0
1603,0
1604,1
1605,0
1606,0
1607,0
1608,1
1609,1
1610,0
1611,0
1612,0
1613,0
1614,0
1615,1
1616,0
1617,0
1618,0
1619,0
1620,0
1621,0
1622,0
1623,0
1624,1
1625,0
1626,1
1627,0
1628,0
1629,0
1630,1
1631,0
1632,1
1633,0
1634,0
1635,1
1636,0
1637,0
1638,0
1639,1
1640,0
1641,0
1642,0
1643,1
1644,0
1645,0
1646,0
1647,0
1648,0
1649,0
1650,0
1651,0
1652,1
1653,0
1654,0
1655,0
1656,0
1657,0
1658,0
1659,0
1660,0
1661,0
1662,0
1663,1
1664,0
1665,0
1666,0
1667,0
1668,1
1669,0
1670,1
1671,1
1672,0
1673,1
1674,0
1675,0
1676,0
1677,0
1678,0
1679,0
1680,1
1681,0
1682,0
1683,0
1684,0
1685,1
1686,0
1687,1
1688,0
1689,1
1690,0
1691,0
1692,0
1693,0
1694,0
1695,0
1696,1
1697,0
1698,0
1699,0
1700,1
1701,0
1702,1
1703,0
1704,0
1705,0
1706,0
1707,1
1708,0
1709,0
1710,0
1711,0
1712,0
1713,0
1714,0
1715,0
1716,1
1717,1
1718,0
1719,1
1720,0
1721,0
1722,0
1723,0
1724,1
1725,0
1726,0
1727,0
1728,0
1729,0
1730,1
1731,0
1732,1
1733,0
1734,0
1735,0
1736,0
1737,0
1738,0
1739,0
1740,0
1741,1
1742,0
1743,1
1744,0
1745,0
1746,0
1747,0
1748,0
1749,1
1750,1
1751,1
1752,1
1753,0
1754,1
1755,1
1756,0
1757,0
1758,0
1759,0
1760,0
1761,0
1762,0
1763,0
1764,0
1765,1
1766,0
1767,0
1768,0
1769,0
1770,1
1771,0
1772,0
1773,0
1774,1
1775,0
1776,0
1777,0
1778,0
1779,0
1780,0
1781,1
1782,0
1783,0
1784,0
1785,0
1786,0
1787,1
1788,0
1789,1
1790,0
1791,0
1792,0
1793,0
1794,0
1795,0
1796,0
1797,0
1798,1
1799,1
1800,1
1801,0
1802,0
1803,0
1804,0
1805,0
1806,0
1807,0
1808,1
1809,0
1810,0
1811,0
1812,0
1813,0
1814,0
1815,0
1816,0
1817,1
1818,0
1819,1
1820,0
1821,0
1822,0
1823,0
1824,1
1825,1
1826,1
1827,0
1828,0
1829,1
1830,0
1831,0
1832,0
1833,0
1834,0
1835,0
1836,1
1837,0
1838,0
1839,0
1840,0
1841,0
1842,0
1843,0
1844,0
1845,0
1846,0
1847,0
1848,1
1849,1
1850,0
1851,0
1852,0
1853,0
1854,1
1855,1
1856,0
1857,1
1858,1
1859,0
1860,1
1861,0
1862,1
1863,0
1864,1
1865,0
1866,0
1867,0
1868,0
1869,0
1870,0
1871,1
1872,1
1873,0
1874,0
1875,0
1876,0
1877,0
1878,1
1879,0
1880,0
1881,0
1882,0
1883,0
1884,1
1885,1
1886,0
1887,0
1888,1
1889,0
1890,0
1891,0
1892,1
1893,0
1894,0
1895,0
1896,1
1897,0
1898,0
1899,0
1900,0
1901,0
1902,0
1903,0
1904,0
1905,0
1906,0
1907,0
1908,0
1909,1
1910,0
1911,0
1912,0
1913,0
1914,0
1915,0
1916,0
1917,0
1918,0
1919,1
1920,0
1921,0
1922,0
1923,0
1924,1
1925,0
1926,0
1927,1
1928,0
1929,0
1930,0
1931,0
1932,0
1933,0
1934,0
1935,0
1936,0
1937,0
1938,0
1939,0
1940,0
1941,0
1942,0
1943,0
1944,0
1945,1
1946,0
1947,0
1948,0
1949,0
1950,1
1951,0
1952,1
1953,0
1954,0
1955,0
1956,0
1957,0
1958,0
1959,1
1960,1
1961,0
1962,0
1963,0
1964,0
1965,0
1966,0
1967,0
1968,0
1969,0
1970,0
1971,0
1972,0
1973,0
1974,0
1975,0
1976,0
1977,1
1978,0
1979,0
1980,0
1981,0
1982,0
1983,0
1984,0
1985,0
1986,1
1987,1
1988,0
1989,0
1990,0
1991,0
1992,0
1993,1
1994,0
1995,0
1996,0
1997,0
1998,0
1999,0
2000,1
2001,0
2002,0
2003,0
2004,1
2005,0
2006,0
2007,0
2008,1
2009,0
2010,0
2011,1
2012,0
2013,0
2014,0
2015,0
2016,0
2017,1
2018,0
2019,0
2020,0
2021,0
2022,0
2023,0
2024,0
2025,0
2026,1
2027,1
2028,0
2029,1
2030,0
2031,0
2032,0
2033,0
2034,1
2035,0
2036,0
2037,0
2038,0
2039,0
2040,0
2041,1
2042,0
2043,0
2044,1
2045,1
2046,0
2047,0
2048,0
2049,0
2050,0
2051,0
2052,0
2053,0
2054,1
2055,1
2056,0
2057,0
2058,0
2059,0
2060,0
2061,0
2062,1
2063,1
2064,1
2065,0
2066,1
2067,0
2068,0
2069,0
2070,1
2071,0
2072,0
2073,0
2074,0
2075,0
2076,0
2077,0
2078,0
2079,0
2080,0
2081,0
2082,0
2083,1
2084,1
2085,0
2086,0
2087,0
2088,0
2089,0
2090,0
2091,1
2092,0
2093,0
2094,0
2095,1
2096,1
2097,0
2098,0
2099,1
2100,0
2101,0
2102,0
2103,0
2104,0
2105,0
2106,1
2107,0
2108,0
2109,0
2110,0
2111,0
2112,0
2113,1
2114,0
2115,0
2116,0
2117,0
2118,0
2119,0
2120,0
2121,1
2122,0
2123,1
2124,0
2125,0
2126,0
2127,0
2128,1
2129,1
2130,1
2131,0
2132,0
2133,0
2134,0
2135,0
2136,0
2137,1
2138,1
2139,0
2140,1
2141,0
2142,0
2143,1
2144,1
2145,1
2146,0
2147,1
2148,0
2149,0
2150,1
2151,1
2152,0
2153,1
2154,0
2155,0
2156,0
2157,0
2158,0
2159,0
2160,0
2161,0
2162,0
2163,1
2164,0
2165,0
2166,0
2167,0
2168,0
2169,1
2170,0
2171,1
2172,0
2173,0
2174,0
2175,0
2176,0
2177,1
2178,0
2179,1
2180,1
2181,0
2182,0
2183,1
2184,1
2185,1
2186,0
2187,1
2188,0
2189,0
2190,0
2191,0
2192,0
2193,0
2194,0
2195,0
2196,0
2197,0
2198,0
2199,0
2200,0
2201,0
2202,0
2203,1
2204,1
2205,0
2206,0
2207,0
2208,0
2209,1
2210,0
2211,1
2212,0
2213,0
2214,0
2215,0
2216,0
2217,0
2218,1
2219,0
2220,0
2221,0
2222,0
2223,0
2224,0
2225,0
2226,0
2227,0
2228,0
2229,0
2230,0
2231,0
2232,0
2233,0
2234,0
2235,1
2236,0
2237,0
2238,0
2239,0
2240,0
2241,0
2242,0
2243,0
2244,1
2245,0
2246,0
2247,0
2248,0
2249,0
2250,0
2251,1
2252,0
2253,1
2254,0
2255,0
2256,0
2257,0
2258,0
2259,0
2260,0
2261,0
2262,0
2263,1
2264,0
2265,1
2266,1
2267,0
2268,0
2269,0
2270,0
2271,0
2272,0
2273,0
2274,1
2275,0
2276,0
2277,1
2278,0
2279,0
2280,0
2281,0
2282,0
2283,0
2284,0
2285,0
2286,0
2287,0
2288,1
2289,1
2290,0
2291,0
2292,1
2293,0
2294,0
2295,0
2296,0
2297,0
2298,1
2299,1
2300,1
2301,0
2302,0
2303,0
2304,0
2305,1
2306,0
2307,1
2308,0
2309,0
2310,0
2311,0
2312,0
2313,0
2314,0
2315,0
2316,0
2317,0
2318,0
2319,0
2320,0
2321,0
2322,0
2323,1
2324,0
2325,0
2326,0
2327,1
2328,0
2329,0
2330,0
2331,0
2332,1
2333,0
2334,0
2335,0
2336,1
2337,1
2338,0
2339,0
2340,0
2341,0
2342,0
2343,0
2344,0
2345,0
2346,0
2347,0
2348,1
2349,0
2350,0
2351,0
2352,0
2353,0
2354,1
2355,1
2356,0
2357,1
2358,1
2359,1
2360,0
2361,0
2362,0
2363,0
2364,0
2365,1
2366,0
2367,0
2368,0
2369,0
2370,1
2371,0
2372,0
2373,0
2374,1
2375,0
2376,0
2377,0
2378,0
2379,0
2380,0
2381,1
2382,0
2383,0
2384,0
2385,0
2386,0
2387,0
2388,0
2389,1
2390,0
2391,0
2392,0
2393,0
2394,0
2395,0
2396,0
2397,1
2398,0
2399,0
2400,1
2401,0
2402,0
2403,1
2404,1
2405,0
2406,0
2407,0
2408,0
2409,0
2410,0
2411,0
2412,0
2413,1
2414,1
2415,0
2416,0
2417,0
2418,0
2419,0
2420,0
2421,0
2422,1
2423,0
2424,1
2425,1
2426,0
2427,0
2428,1
2429,0
2430,0
2431,0
2432,0
2433,0
2434,0
2435,0
2436,0
2437,0
2438,0
2439,1
2440,1
2441,0
2442,0
2443,0
2444,0
2445,0
2446,0
2447,0
2448,0
2449,0
2450,1
2451,0
2452,0
2453,0
2454,0
2455,0
2456,0
2457,0
2458,0
2459,0
2460,0
2461,0
2462,0
2463,1
2464,0
2465,0
2466,0
2467,0
2468,0
2469,1
2470,0
2471,0
2472,0
2473,0
2474,0
2475,0
2476,0
2477,0
2478,0
2479,0
2480,0
2481,0
2482,0
2483,0
2484,0
2485,0
2486,0
2487,1
2488,0
2489,0
2490,0
2491,0
2492,0
2493,1
2494,0
2495,0
2496,0
2497,0
2498,0
2499,0
2500,0
2501,0
2502,0
2503,1
2504,0
2505,0
2506,0
2507,1
2508,1
2509,0
2510,1
2511,1
2512,0
2513,0
2514,0
2515,1
2516,0
2517,0
2518,0
2519,0
2520,0
2521,1
2522,0
2523,0
2524,0
2525,1
2526,0
2527,0
2528,0
2529,0
2530,1
2531,0
2532,0
2533,0
2534,0
2535,0
2536,0
2537,0
2538,0
2539,1
2540,0
2541,0
2542,0
2543,1
2544,0
2545,0
2546,0
2547,1
2548,0
2549,0
2550,0
2551,0
2552,0
2553,0
2554,0
2555,0
2556,1
2557,0
2558,1
2559,0
2560,0
2561,0
2562,0
2563,1
2564,0
2565,0
2566,1
2567,1
2568,0
2569,0
2570,0
2571,0
2572,1
2573,0
2574,0
2575,0
2576,0
2577,0
2578,1
2579,0
2580,0
2581,1
2582,0
2583,0
2584,0
2585,0
2586,0
2587,0
2588,0
2589,0
2590,0
2591,0
2592,0
2593,0
2594,0
2595,0
2596,0
2597,0
2598,0
2599,1
2600,0
2601,1
2602,0
2603,0
2604,0
2605,0
2606,0
2607,0
2608,0
2609,0
2610,1
2611,0
2612,0
2613,0
2614,0
2615,0
2616,0
2617,0
2618,1
2619,0
2620,0
2621,0
2622,0
2623,0
2624,1
2625,0
2626,0
2627,0
2628,0
2629,1
2630,0
2631,1
2632,0
2633,0
2634,0
2635,0
2636,0
2637,0
2638,0
2639,0
2640,0
2641,0
2642,0
2643,0
2644,0
2645,0
2646,0
2647,1
2648,0
2649,0
2650,1
2651,0
2652,0
2653,0
2654,0
2655,0
2656,0
2657,0
2658,0
2659,0
2660,1
2661,0
2662,0
2663,1
2664,0
2665,0
2666,0
2667,0
2668,0
2669,0
2670,0
2671,0
2672,0
2673,0
2674,0
2675,0
2676,0
2677,0
2678,0
2679,1
2680,0
2681,0
2682,0
2683,0
2684,0
2685,1
2686,0
2687,0
2688,0
2689,0
2690,0
2691,0
2692,0
2693,0
2694,0
2695,1
2696,0
2697,0
2698,1
2699,0
2700,1
2701,1
2702,0
2703,0
2704,0
2705,0
2706,0
2707,0
2708,0
2709,0
2710,0
2711,0
2712,0
2713,0
2714,0
2715,0
2716,0
2717,0
2718,0
2719,0
2720,1
2721,0
2722,0
2723,0
2724,0
2725,0
2726,0
2727,0
2728,0
2729,0
2730,0
2731,1
2732,0
2733,0
2734,1
2735,0
2736,0
2737,0
2738,0
2739,0
2740,0
2741,0
2742,0
2743,0
2744,1
2745,1
2746,0
2747,0
2748,0
2749,0
2750,1
2751,0
2752,0
2753,0
2754,0
2755,0
2756,0
2757,0
2758,0
2759,0
2760,0
2761,1
2762,0
2763,1
2764,0
2765,0
2766,0
2767,0
2768,0
2769,0
2770,0
2771,0
2772,0
2773,0
2774,0
2775,0
2776,0
2777,0
2778,1
2779,0
2780,0
2781,0
2782,0
2783,0
2784,0
2785,0
2786,0
2787,0
2788,1
2789,0
2790,0
2791,1
2792,0
2793,0
2794,0
2795,0
2796,1
2797,0
2798,0
2799,1
2800,0
2801,1
2802,0
2803,0
2804,0
2805,0
2806,0
2807,0
2808,0
2809,0
2810,0
2811,1
2812,0
2813,0
2814,0
2815,0
2816,0
2817,0
2818,0
2819,0
2820,0
2821,0
2822,0
2823,0
2824,0
2825,1
2826,0
2827,1
2828,0
2829,0
2830,0
2831,1
2832,1
2833,1
2834,0
2835,1
2836,0
2837,0
2838,0
2839,0
2840,0
2841,0
2842,1
2843,0
2844,0
2845,0
2846,0
2847,0
2848,1
2849,0
2850,0
2851,0
2852,0
2853,0
2854,0
2855,0
2856,0
2857,1
2858,0
2859,1
2860,0
2861,0
2862,0
2863,0
2864,0
2865,1
2866,1
2867,1
2868,0
2869,1
2870,0
2871,0
2872,0
2873,0
2874,0
2875,0
2876,0
2877,0
2878,0
2879,0
2880,0
2881,0
2882,0
2883,0
2884,0
2885,0
2886,1
2887,0
2888,1
2889,0
2890,0
2891,0
2892,0
2893,0
2894,0
2895,1
2896,1
2897,0
2898,0
2899,0
2900,1
2901,0
2902,0
2903,0
2904,0
2905,0
2906,0
2907,0
2908,0
2909,0
2910,1
2911,0
2912,1
2913,0
2914,0
2915,0
2916,1
2917,0
2918,0
2919,0
2920,0
2921,0
2922,1
2923,0
2924,0
2925,0
2926,0
2927,0
2928,1
2929,0
2930,0
2931,0
2932,0
2933,1
2934,0
2935,0
2936,1
2937,0
2938,0
2939,0
2940,1
2941,1
2942,0
2943,0
2944,1
2945,0
2946,0
2947,0
2948,0
2949,1
2950,0
2951,0
2952,1
2953,0
2954,0
2955,0
2956,0
2957,0
2958,0
2959,0
2960,0
2961,0
2962,0
2963,0
2964,0
2965,0
2966,0
2967,0
2968,0
2969,0
2970,0
2971,1
2972,0
2973,0
2974,0
2975,0
2976,1
2977,0
2978,0
2979,0
2980,0
2981,0
2982,1
2983,0
2984,0
2985,0
2986,0
2987,0
2988,0
2989,1
2990,0
2991,1
2992,1
2993,0
2994,0
2995,0
2996,0
2997,0
2998,0
2999,1
3000,0
3001,0
3002,0
3003,0
3004,0
3005,1
3006,0
3007,1
3008,0
3009,0
3010,0
3011,0
3012,0
3013,0
3014,1
3015,0
3016,0
3017,1
3018,0
3019,0
3020,0
3021,0
3022,0
3023,1
3024,0
3025,1
3026,0
3027,0
3028,0
3029,0
3030,1
3031,0
3032,0
3033,0
3034,0
3035,0
3036,0
3037,0
3038,0
3039,0
3040,0
3041,0
3042,0
3043,0
3044,0
3045,0
3046,0
3047,1
3048,0
3049,1
3050,0
3051,0
3052,0
3053,0
3054,1
3055,1
3056,0
3057,0
3058,1
3059,1
3060,0
3061,0
3062,0
3063,1
3064,0
3065,0
3066,0
3067,0
3068,0
3069,0
3070,0
3071,0
3072,1
3073,1
3074,1
3075,0
3076,0
3077,1
3078,0
3079,0
3080,0
3081,1
3082,1
3083,0
3084,0
3085,0
3086,0
3087,0
3088,0
3089,0
3090,0
3091,0
3092,1
3093,0
3094,0
3095,1
3096,0
3097,1
3098,0
3099,0
3100,0
3101,0
3102,0
3103,0
3104,1
3105,0
3106,0
3107,0
3108,0
3109,1
3110,0
3111,0
3112,0
3113,0
3114,0
3115,0
3116,1
3117,0
3118,1
3119,1
3120,0
3121,0
3122,1
3123,1
3124,0
3125,0
3126,0
3127,0
3128,0
3129,1
3130,0
3131,1
3132,0
3133,0
3134,0
3135,0
3136,1
3137,0
3138,0
3139,0
3140,0
3141,0
3142,1
3143,0
3144,0
3145,0
3146,0
3147,0
3148,0
3149,0
3150,0
3151,1
3152,1
3153,0
3154,0
3155,0
3156,0
3157,0
3158,0
3159,1
3160,0
3161,0
3162,0
3163,1
3164,0
3165,0
3166,0
3167,0
3168,0
3169,1
3170,0
3171,0
3172,0
3173,0
3174,0
3175,0
3176,0
3177,0
3178,0
3179,1
3180,0
3181,1
3182,1
3183,0
3184,0
3185,0
3186,0
3187,1
3188,1
3189,0
3190,1
3191,0
3192,0
3193,0
3194,0
3195,1
3196,0
3197,1
3198,1
3199,1
3200,0
3201,0
3202,0
3203,0
3204,0
3205,1
3206,1
3207,1
3208,0
3209,0
3210,0
3211,0
3212,1
3213,0
3214,0
3215,1
3216,1
3217,0
3218,0
3219,0
3220,0
3221,1
3222,0
3223,0
3224,0
3225,0
3226,1
3227,0
3228,0
3229,0
3230,0
3231,0
3232,1
3233,0
3234,0
3235,0
3236,0
3237,0
3238,1
3239,1
3240,1
3241,0
3242,0
3243,0
3244,0
3245,0
3246,0
3247,1
3248,1
3249,0
3250,0
3251,0
3252,0
3253,0
3254,0
3255,0
3256,1
3257,0
3258,1
3259,1
3260,1
3261,0
3262,0
3263,0
3264,0
3265,0
3266,0
3267,0
3268,0
3269,0
3270,1
3271,1
3272,1
3273,1
3274,0
3275,0
3276,1
3277,0
3278,1
3279,0
3280,1
3281,1
3282,0
3283,1
3284,0
3285,1
3286,0
3287,1
3288,0
3289,1
3290,0
3291,0
3292,0
3293,0
3294,1
3295,0
3296,0
3297,0
3298,0
3299,0
3300,0
3301,0
3302,0
3303,0
3304,0
3305,0
3306,0
3307,0
3308,0
3309,0
3310,0
3311,0
3312,0
3313,1
3314,0
3315,1
3316,1
3317,0
3318,1
3319,0
3320,0
3321,0
3322,0
3323,0
3324,0
3325,1
3326,0
3327,0
3328,0
3329,0
3330,0
3331,0
3332,0
3333,0
3334,0
3335,0
3336,0
3337,0
3338,0
3339,1
3340,0
3341,0
3342,0
3343,1
3344,0
3345,0
3346,0
3347,1
3348,0
3349,0
3350,0
3351,0
3352,1
3353,0
3354,0
3355,0
3356,1
3357,0
3358,0
3359,0
3360,0
3361,0
3362,1
3363,0
3364,0
3365,0
3366,0
3367,0
3368,0
3369,0
3370,0
3371,0
3372,0
3373,0
3374,0
3375,0
3376,1
3377,0
3378,0
3379,0
3380,0
3381,1
3382,0
3383,0
3384,0
3385,0
3386,0
3387,0
3388,0
3389,0
3390,1
3391,0
3392,0
3393,1
3394,0
3395,0
3396,0
3397,0
3398,0
3399,0
3400,0
3401,1
3402,0
3403,0
3404,0
3405,0
3406,0
3407,0
3408,1
3409,0
3410,0
3411,0
3412,1
3413,0
3414,1
3415,1
3416,0
3417,0
3418,0
3419,0
3420,0
3421,0
3422,0
3423,0
3424,0
3425,0
3426,0
3427,0
3428,1
3429,1
3430,0
3431,0
3432,0
3433,0
3434,1
3435,0
3436,0
3437,0
3438,0
3439,1
3440,0
3441,0
3442,0
3443,1
3444,0
3445,0
3446,0
3447,0
3448,0
3449,0
3450,0
3451,0
3452,0
3453,0
3454,0
3455,0
3456,0
3457,0
3458,0
3459,0
3460,1
3461,0
3462,1
3463,0
3464,0
3465,0
3466,0
3467,1
3468,1
3469,0
3470,1
3471,0
3472,0
3473,0
3474,0
3475,0
3476,0
3477,1
3478,0
3479,0
3480,0
3481,0
3482,0
3483,0
3484,0
3485,0
3486,0
3487,0
3488,0
3489,0
3490,0
3491,0
3492,0
3493,1
3494,0
3495,0
3496,1
3497,0
3498,1
3499,0
3500,0
3501,0
3502,0
3503,0
3504,0
3505,0
3506,0
3507,1
3508,0
3509,0
3510,1
3511,1
3512,0
3513,0
3514,0
3515,0
3516,0
3517,0
3518,0
3519,0
3520,0
3521,0
3522,0
3523,0
3524,1
3525,1
3526,0
3527,0
3528,0
3529,0
3530,1
3531,0
3532,0
3533,0
3534,0
3535,0
3536,0
3537,0
3538,0
3539,0
3540,0
3541,0
3542,0
3543,0
3544,0
3545,0
3546,0
3547,0
3548,1
3549,1
3550,0
3551,0
3552,0
3553,1
3554,0
3555,1
3556,1
3557,0
3558,0
3559,1
3560,0
3561,0
3562,1
3563,0
3564,0
3565,0
3566,0
3567,0
3568,0
3569,0
3570,0
3571,0
3572,0
3573,0
3574,1
3575,0
3576,1
3577,0
3578,0
3579,0
3580,0
3581,0
3582,0
3583,0
3584,0
3585,0
3586,0
3587,1
3588,0
3589,1
3590,0
3591,0
3592,0
3593,0
3594,1
3595,0
3596,0
3597,1
3598,0
3599,0
3600,0
3601,0
3602,1
3603,0
3604,0
3605,0
3606,0
3607,1
3608,1
3609,0
3610,0
3611,0
3612,0
3613,0
3614,1
3615,0
3616,0
3617,0
3618,0
3619,0
3620,0
3621,0
3622,0
3623,0
3624,0
3625,0
3626,0
3627,0
3628,0
3629,0
3630,1
3631,0
3632,1
3633,1
3634,1
3635,0
3636,0
3637,0
3638,0
3639,0
3640,1
3641,0
3642,0
3643,0
3644,0
3645,0
3646,0
3647,0
3648,1
3649,1
3650,0
3651,1
3652,0
3653,1
3654,1
3655,0
3656,1
3657,0
3658,0
3659,1
3660,0
3661,0
3662,1
3663,1
3664,0
3665,0
3666,0
3667,0
3668,0
3669,1
3670,0
3671,0
3672,0
3673,1
3674,0
3675,0
3676,1
3677,0
3678,0
3679,0
3680,0
3681,0
3682,0
3683,0
3684,0
3685,0
3686,0
3687,0
3688,0
3689,0
3690,1
3691,0
3692,0
3693,0
3694,0
3695,0
3696,1
3697,0
3698,0
3699,0
3700,0
3701,1
3702,0
3703,0
3704,0
3705,1
3706,0
3707,0
3708,0
3709,1
3710,1
3711,0
3712,0
3713,0
3714,0
3715,0
3716,0
3717,0
3718,0
3719,0
3720,0
3721,1
3722,0
3723,0
3724,1
3725,0
3726,1
3727,0
3728,1
3729,0
3730,0
3731,0
3732,0
3733,0
3734,0
3735,0
3736,0
3737,0
3738,0
3739,1
3740,0
3741,0
3742,1
3743,0
3744,0
3745,0
3746,0
3747,0
3748,1
3749,1
3750,0
3751,0
3752,1
3753,1
3754,1
3755,0
3756,0
3757,0
3758,1
3759,0
3760,0
3761,0
3762,0
3763,1
3764,0
3765,1
3766,0
3767,0
3768,0
3769,0
3770,0
3771,1
3772,0
3773,1
3774,0
3775,0
3776,0
3777,0
3778,0
3779,0
3780,0
3781,1
3782,1
3783,0
3784,0
3785,1
3786,1
3787,0
3788,1
3789,0
3790,0
3791,0
3792,1
3793,0
3794,0
3795,0
3796,0
3797,0
3798,0
3799,1
3800,0
3801,0
3802,1
3803,0
3804,0
3805,0
3806,0
3807,1
3808,0
3809,1
3810,0
3811,0
3812,0
3813,1
3814,0
3815,0
3816,0
3817,0
3818,0
3819,0
3820,0
3821,1
3822,0
3823,0
3824,0
3825,0
3826,0
3827,1
3828,1
3829,0
3830,0
3831,0
3832,0
3833,1
3834,1
3835,0
3836,0
3837,0
3838,0
3839,1
3840,0
3841,0
3842,1
3843,1
3844,0
3845,1
3846,1
3847,0
3848,0
3849,0
3850,1
3851,1
3852,1
3853,0
3854,1
3855,0
3856,0
3857,1
3858,0
3859,0
3860,0
3861,0
3862,0
3863,0
3864,0
3865,0
3866,0
3867,0
3868,1
3869,0
3870,0
3871,0
3872,1
3873,1
3874,0
3875,0
3876,0
3877,0
3878,0
3879,0
3880,0
3881,0
3882,0
3883,0
3884,0
3885,0
3886,0
3887,0
3888,1
3889,0
3890,0
3891,0
3892,0
3893,0
3894,1
3895,0
3896,0
3897,1
3898,1
3899,0
3900,0
3901,0
3902,0
3903,1
3904,0
3905,0
3906,0
3907,1
3908,0
3909,0
3910,1
3911,1
3912,0
3913,0
3914,0
3915,0
3916,0
3917,0
3918,0
3919,1
3920,0
3921,0
3922,0
3923,1
3924,0
3925,0
3926,0
3927,0
3928,0
3929,1
3930,0
3931,0
3932,0
3933,0
3934,0
3935,0
3936,0
3937,0
3938,0
3939,0
3940,0
3941,0
3942,0
3943,0
3944,0
3945,0
3946,0
3947,1
3948,0
3949,0
3950,0
3951,0
3952,0
3953,0
3954,0
3955,0
3956,0
3957,0
3958,0
3959,0
3960,0
3961,0
3962,1
3963,1
3964,0
3965,0
3966,0
3967,1
3968,0
3969,0
3970,0
3971,0
3972,1
3973,0
3974,0
3975,0
3976,1
3977,0
3978,0
3979,1
3980,0
3981,0
3982,1
3983,0
3984,0
3985,0
3986,0
3987,0
3988,0
3989,0
3990,1
3991,1
3992,0
3993,0
3994,0
3995,1
3996,0
3997,0
3998,0
3999,0
4000,0
4001,0
4002,0
4003,0
4004,0
4005,0
4006,0
4007,0
4008,0
4009,0
4010,0
4011,0
4012,0
4013,1
4014,0
4015,0
4016,0
4017,0
4018,0
4019,0
4020,0
4021,1
4022,0
4023,0
4024,0
4025,0
4026,1
4027,1
4028,0
4029,0
4030,1
4031,1
4032,0
4033,0
4034,0
4035,0
4036,0
4037,1
4038,0
4039,0
4040,1
4041,0
4042,0
4043,1
4044,0
4045,1
4046,1
4047,0
4048,0
4049,0
4050,1
4051,0
4052,0
4053,0
4054,0
4055,1
4056,0
4057,1
4058,0
4059,0
4060,0
4061,0
4062,0
4063,0
4064,0
4065,0
4066,1
4067,1
4068,0
4069,0
4070,0
4071,0
4072,0
4073,1
4074,1
4075,0
4076,1
4077,0
4078,1
4079,0
4080,0
4081,0
4082,0
4083,0
4084,0
4085,1
4086,1
4087,1
4088,1
4089,0
4090,1
4091,1
4092,0
4093,0
4094,1
4095,1
4096,0
4097,0
4098,1
4099,0
4100,0
4101,0
4102,0
4103,0
4104,0
4105,1
4106,0
4107,0
4108,0
4109,0
4110,0
4111,0
4112,0
4113,0
4114,0
4115,0
4116,0
4117,0
4118,0
4119,0
4120,1
4121,1
4122,0
4123,0
4124,0
4125,0
4126,1
4127,0
4128,0
4129,1
4130,0
4131,0
4132,0
4133,0
4134,0
4135,1
4136,0
4137,0
4138,0
4139,0
4140,0
4141,0
4142,0
4143,0
4144,0
4145,0
4146,1
4147,0
4148,0
4149,0
4150,0
4151,1
4152,0
4153,0
4154,0
4155,0
4156,0
4157,0
4158,0
4159,0
4160,0
4161,0
4162,0
4163,0
4164,0
4165,0
4166,0
4167,1
4168,0
4169,0
4170,1
4171,1
4172,0
4173,1
4174,0
4175,0
4176,0
4177,0
4178,0
4179,0
4180,0
4181,0
4182,0
4183,0
4184,0
4185,1
4186,0
4187,1
4188,1
4189,0
4190,0
4191,0
4192,0
4193,0
4194,1
4195,0
4196,0
4197,1
4198,0
4199,1
4200,0
4201,0
4202,0
4203,0
4204,1
4205,0
4206,0
4207,0
4208,0
4209,1
4210,1
4211,0
4212,1
4213,0
4214,0
4215,0
4216,0
4217,0
4218,0
4219,0
4220,1
4221,1
4222,0
4223,0
4224,1
4225,0
4226,1
4227,1
4228,0
4229,0
4230,0
4231,0
4232,1
4233,0
4234,0
4235,1
4236,0
4237,0
4238,0
4239,1
4240,1
4241,0
4242,0
4243,0
4244,0
4245,1
4246,1
4247,0
4248,0
4249,1
4250,0
4251,0
4252,1
4253,0
4254,1
4255,0
4256,0
4257,1
4258,0
4259,0
4260,0
4261,1
4262,1
4263,0
4264,0
4265,0
4266,0
4267,0
4268,0
4269,0
4270,0
4271,1
4272,1
4273,0
4274,0
4275,1
4276,0
4277,0
4278,0
4279,0
4280,0
4281,0
4282,0
4283,0
4284,0
4285,0
4286,0
4287,0
4288,0
4289,0
4290,0
4291,0
4292,1
4293,1
4294,0
4295,0
4296,1
4297,0
4298,0
4299,0
4300,0
4301,0
4302,0
4303,0
4304,1
4305,0
4306,1
4307,0
4308,1
4309,0
4310,0
4311,0
4312,0
4313,0
4314,0
4315,0
4316,0
4317,0
4318,0
4319,0
4320,0
4321,0
4322,0
4323,0
4324,0
4325,0
4326,0
4327,0
4328,0
4329,0
4330,0
4331,0
4332,0
4333,0
4334,0
4335,0
4336,1
4337,0
4338,1
4339,0
4340,0
4341,1
4342,0
4343,0
4344,0
4345,0
4346,1
4347,0
4348,0
4349,0
4350,0
4351,0
4352,0
4353,0
4354,0
4355,1
4356,0
4357,0
4358,0
4359,0
4360,0
4361,0
4362,1
4363,1
4364,1
4365,0
4366,0
4367,0
4368,0
4369,0
4370,0
4371,0
4372,0
4373,0
4374,0
4375,0
4376,0
4377,0
4378,0
4379,0
4380,0
4381,1
4382,0
4383,0
4384,0
4385,1
4386,0
4387,0
4388,1
4389,0
4390,0
4391,0
4392,1
4393,0
4394,0
4395,0
4396,0
4397,0
4398,0
4399,0
4400,0
4401,0
4402,0
4403,0
4404,0
4405,0
4406,0
4407,0
4408,0
4409,0
4410,1
4411,0
4412,1
4413,0
4414,0
4415,0
4416,0
4417,1
4418,0
4419,1
4420,0
4421,1
4422,0
4423,0
4424,0
4425,0
4426,0
4427,0
4428,0
4429,0
4430,0
4431,0
4432,0
4433,1
4434,0
4435,1
4436,0
4437,1
4438,0
4439,0
4440,0
4441,0
4442,0
4443,0
4444,0
4445,0
4446,1
4447,0
4448,0
4449,1
4450,0
4451,0
4452,1
4453,0
4454,0
4455,0
4456,0
4457,1
4458,0
4459,1
4460,0
4461,1
4462,0
4463,1
4464,0
4465,1
4466,0
4467,0
4468,0
4469,0
4470,0
4471,0
4472,0
4473,0
4474,0
4475,0
4476,1
4477,0
4478,0
4479,0
4480,0
4481,1
4482,0
4483,0
4484,0
4485,0
4486,0
4487,1
4488,1
4489,0
4490,0
4491,0
4492,0
4493,0
4494,0
4495,0
4496,0
4497,0
4498,0
4499,1
4500,0
4501,0
4502,0
4503,0
4504,0
4505,0
4506,1
4507,1
4508,0
4509,1
4510,1
4511,0
4512,0
4513,0
4514,0
4515,0
4516,1
4517,0
4518,0
4519,0
4520,0
4521,0
4522,0
4523,0
4524,1
4525,0
4526,0
4527,0
4528,0
4529,0
4530,0
4531,0
4532,0
4533,0
4534,0
4535,0
4536,0
4537,0
4538,0
4539,1
4540,0
4541,0
4542,0
4543,0
4544,0
4545,0
4546,0
4547,0
4548,1
4549,0
4550,0
4551,0
4552,0
4553,0
4554,1
4555,0
4556,1
4557,0
4558,1
4559,0
4560,0
4561,0
4562,0
4563,0
4564,0
4565,0
4566,1
4567,1
4568,0
4569,0
4570,0
4571,1
4572,0
4573,0
4574,0
4575,0
4576,0
4577,0
4578,0
4579,1
4580,0
4581,0
4582,0
4583,0
4584,0
4585,1
4586,0
4587,0
4588,0
4589,0
4590,0
4591,0
4592,0
4593,1
4594,0
4595,1
4596,0
4597,0
4598,0
4599,0
4600,0
4601,0
4602,0
4603,0
4604,0
4605,0
4606,0
4607,1
4608,0
4609,0
4610,0
4611,1
4612,0
4613,1
4614,0
4615,0
4616,0
4617,0
4618,0
4619,1
4620,0
4621,0
4622,1
4623,1
4624,0
4625,0
4626,0
4627,0
4628,0
4629,0
4630,0
4631,1
4632,0
4633,0
4634,0
4635,0
4636,0
4637,0
4638,1
4639,0
4640,0
4641,0
4642,0
4643,0
4644,0
4645,0
4646,1
4647,0
4648,1
4649,0
4650,0
4651,0
4652,0
4653,0
4654,0
4655,0
4656,0
4657,0
4658,0
4659,0
4660,1
4661,0
4662,1
4663,0
4664,0
4665,1
4666,0
4667,1
4668,0
4669,0
4670,0
4671,0
4672,0
4673,0
4674,0
4675,0
4676,0
4677,0
4678,0
4679,0
4680,1
4681,1
4682,0
4683,0
4684,1
4685,0
4686,0
4687,0
4688,1
4689,0
4690,0
4691,0
4692,0
4693,0
4694,0
4695,0
4696,0
4697,1
4698,0
4699,0
4700,0
4701,0
4702,0
4703,0
4704,0
4705,1
4706,1
4707,0
4708,0
4709,0
4710,1
4711,0
4712,0
4713,0
4714,0
4715,0
4716,0
4717,0
4718,1
4719,1
4720,1
4721,0
4722,1
4723,0
4724,0
4725,0
4726,0
4727,0
4728,0
4729,0
4730,0
4731,0
4732,0
4733,0
4734,0
4735,0
4736,0
4737,0
4738,0
4739,0
4740,0
4741,1
4742,0
4743,1
4744,1
4745,0
4746,0
4747,1
4748,0
4749,0
4750,1
4751,0
4752,0
4753,0
4754,0
4755,0
4756,0
4757,0
4758,0
4759,1
4760,1
4761,0
4762,0
4763,0
4764,0
4765,0
4766,1
4767,1
4768,0
4769,0
4770,1
4771,0
4772,0
4773,1
4774,1
4775,0
4776,0
4777,0
4778,0
4779,0
4780,1
4781,0
4782,1
4783,0
4784,0
4785,0
4786,0
4787,0
4788,0
4789,0
4790,1
4791,0
4792,1
4793,1
4794,0
4795,0
4796,0
4797,1
4798,0
4799,1
4800,0
4801,0
4802,0
4803,0
4804,0
4805,0
4806,0
4807,0
4808,0
4809,1
4810,0
4811,0
4812,0
4813,0
4814,0
4815,0
4816,0
4817,0
4818,0
4819,1
4820,0
4821,0
4822,0
4823,0
4824,0
4825,1
4826,0
4827,0
4828,1
4829,0
4830,0
4831,0
4832,1
4833,0
4834,0
4835,0
4836,0
4837,0
4838,0
4839,1
4840,0
4841,0
4842,0
4843,0
4844,1
4845,1
4846,0
4847,1
4848,1
4849,1
4850,1
4851,0
4852,0
4853,0
4854,1
4855,0
4856,0
4857,0
4858,0
4859,1
4860,0
4861,0
4862,0
4863,0
4864,0
4865,0
4866,1
4867,0
4868,0
4869,1
4870,0
4871,0
4872,0
4873,0
4874,0
4875,0
4876,0
4877,0
4878,0
4879,0
4880,0
4881,0
4882,0
4883,0
4884,0
4885,0
4886,0
4887,0
4888,0
4889,0
4890,0
4891,0
4892,0
4893,0
4894,0
4895,1
4896,0
4897,0
4898,0
4899,0
4900,0
4901,1
4902,0
4903,0
4904,0
4905,0
4906,0
4907,0
4908,1
4909,0
4910,1
4911,0
4912,0
4913,0
4914,0
4915,0
4916,0
4917,0
4918,1
4919,1
4920,0
4921,0
4922,0
4923,1
4924,1
4925,0
4926,0
4927,0
4928,0
4929,0
4930,0
4931,0
4932,0
4933,0
4934,0
4935,0
4936,0
4937,0
4938,0
4939,0
4940,1
4941,0
4942,1
4943,0
4944,0
4945,0
4946,0
4947,1
4948,1
4949,0
4950,0
4951,0
4952,1
4953,1
4954,0
4955,0
4956,1
4957,0
4958,1
4959,0
4960,0
4961,0
4962,0
4963,0
4964,0
4965,0
4966,1
4967,0
4968,0
4969,0
4970,0
4971,0
4972,0
4973,0
4974,1
4975,0
4976,0
4977,0
4978,1
4979,0
4980,0
4981,0
4982,0
4983,0
4984,1
4985,0
4986,1
4987,1
4988,0
4989,0
4990,1
4991,0
4992,0
4993,0
4994,1
4995,0
4996,1
4997,0
4998,0
4999,0
5000,0
5001,0
5002,0
5003,0
5004,0
5005,1
5006,1
5007,0
5008,1
5009,0
5010,0
5011,0
5012,0
5013,0
5014,0
5015,0
5016,0
5017,0
5018,0
5019,0
5020,0
5021,0
5022,0
5023,0
5024,0
5025,0
5026,0
5027,0
5028,1
5029,0
5030,0
5031,0
5032,0
5033,0
5034,1
5035,0
5036,0
5037,0
5038,0
5039,0
5040,0
5041,0
5042,0
5043,0
5044,0
5045,1
5046,0
5047,0
5048,0
5049,1
5050,1
5051,0
5052,0
5053,0
5054,0
5055,1
5056,0
5057,0
5058,1
5059,0
5060,0
5061,0
5062,0
5063,0
5064,0
5065,0
5066,0
5067,0
5068,0
5069,0
5070,0
5071,0
5072,0
5073,0
5074,0
5075,1
5076,0
5077,1
5078,0
5079,0
5080,1
5081,0
5082,1
5083,0
5084,0
5085,0
5086,0
5087,0
5088,0
5089,1
5090,0
5091,0
5092,0
5093,1
5094,0
5095,0
5096,1
5097,1
5098,0
5099,0
5100,0
5101,0
5102,0
5103,0
5104,0
5105,0
5106,0
5107,1
5108,0
5109,0
5110,1
5111,0
5112,0
5113,1
5114,0
5115,0
5116,0
5117,1
5118,0
5119,0
5120,0
5121,1
5122,0
5123,0
5124,1
5125,0
5126,0
5127,0
5128,0
5129,1
5130,0
5131,0
5132,0
5133,0
5134,0
5135,0
5136,0
5137,0
5138,0
5139,0
5140,0
5141,0
5142,1
5143,0
5144,0
5145,1
5146,0
5147,0
5148,1
5149,0
5150,0
5151,0
5152,0
5153,1
5154,0
5155,1
5156,0
5157,0
5158,0
5159,0
5160,0
5161,0
5162,1
5163,0
5164,0
5165,0
5166,0
5167,0
5168,0
5169,0
5170,0
5171,0
5172,1
5173,0
5174,0
5175,0
5176,1
5177,0
5178,1
5179,0
5180,0
5181,1
5182,0
5183,0
5184,0
5185,0
5186,0
5187,0
5188,0
5189,0
5190,0
5191,0
5192,1
5193,0
5194,0
5195,0
5196,0
5197,1
5198,0
5199,0
5200,0
5201,0
5202,0
5203,1
5204,0
5205,0
5206,0
5207,0
5208,1
5209,1
5210,0
5211,0
5212,0
5213,1
5214,0
5215,0
5216,1
5217,0
5218,0
5219,0
5220,1
5221,0
5222,0
5223,0
5224,1
5225,0
5226,1
5227,0
5228,0
5229,0
5230,0
5231,0
5232,0
5233,0
5234,0
5235,0
5236,0
5237,0
5238,1
5239,0
5240,0
5241,0
5242,0
5243,0
5244,1
5245,0
5246,1
5247,0
5248,1
5249,0
5250,0
5251,0
5252,1
5253,1
5254,0
5255,0
5256,0
5257,1
5258,0
5259,1
5260,0
5261,0
5262,0
5263,1
5264,0
5265,0
5266,0
5267,0
5268,0
5269,0
5270,0
5271,1
5272,0
5273,1
5274,1
5275,0
5276,0
5277,0
5278,1
5279,0
5280,0
5281,0
5282,0
5283,0
5284,0
5285,0
5286,0
5287,0
5288,0
5289,1
5290,0
5291,0
5292,0
5293,0
5294,0
5295,0
5296,0
5297,0
5298,0
5299,0
5300,1
5301,0
5302,0
5303,0
5304,0
5305,0
5306,0
5307,1
5308,0
5309,0
5310,0
5311,0
5312,0
5313,0
5314,1
5315,0
5316,0
5317,0
5318,0
5319,0
5320,1
5321,0
5322,0
5323,0
5324,0
5325,0
5326,0
5327,1
5328,1
5329,0
5330,1
5331,1
5332,0
5333,0
5334,0
5335,0
5336,1
5337,0
5338,0
5339,0
5340,1
5341,0
5342,0
5343,0
5344,0
5345,0
5346,0
5347,0
5348,0
5349,0
5350,0
5351,0
5352,1
5353,0
5354,1
5355,0
5356,0
5357,0
5358,0
5359,0
5360,0
5361,0
5362,0
5363,0
5364,0
5365,0
5366,0
5367,0
5368,0
5369,0
5370,1
5371,0
5372,0
5373,0
5374,0
5375,1
5376,0
5377,1
5378,0
5379,0
5380,0
5381,0
5382,0
5383,0
5384,0
5385,1
5386,1
5387,0
5388,0
5389,0
5390,1
5391,0
5392,0
5393,0
5394,0
5395,0
5396,0
5397,0
5398,0
5399,0
5400,0
5401,1
5402,0
5403,1
5404,1
5405,0
5406,0
5407,0
5408,0
5409,0
5410,0
5411,1
5412,0
5413,1
5414,0
5415,0
5416,0
5417,0
5418,0
5419,0
5420,0
5421,0
5422,0
5423,0
5424,0
5425,1
5426,0
5427,0
5428,0
5429,1
5430,0
5431,1
5432,0
5433,0
5434,1
5435,1
5436,0
5437,1
5438,0
5439,0
5440,0
5441,1
5442,1
5443,0
5444,0
5445,0
5446,0
5447,0
5448,0
5449,0
5450,0
5451,0
5452,0
5453,0
5454,0
5455,0
5456,1
5457,1
5458,0
5459,0
5460,1
5461,0
5462,0
5463,0
5464,0
5465,1
5466,0
5467,0
5468,0
5469,0
5470,0
5471,0
5472,1
5473,1
5474,0
5475,0
5476,0
5477,0
5478,0
5479,0
5480,0
5481,1
5482,0
5483,0
5484,1
5485,0
5486,0
5487,0
5488,0
5489,0
5490,0
5491,0
5492,0
5493,0
5494,0
5495,1
5496,0
5497,0
5498,0
5499,0
5500,0
5501,0
5502,0
5503,0
5504,0
5505,0
5506,0
5507,0
5508,0
5509,0
5510,0
5511,0
5512,0
5513,0
5514,1
5515,0
5516,0
5517,0
5518,0
5519,0
5520,0
5521,0
5522,0
5523,1
5524,0
5525,1
5526,0
5527,0
5528,0
5529,0
5530,0
5531,0
5532,0
5533,0
5534,0
5535,0
5536,0
5537,0
5538,1
5539,0
5540,0
5541,0
5542,0
5543,1
5544,1
5545,0
5546,0
5547,0
5548,0
5549,0
5550,0
5551,0
5552,0
5553,0
5554,1
5555,0
5556,0
5557,0
5558,0
5559,0
5560,0
5561,0
5562,0
5563,0
5564,0
5565,0
5566,0
5567,0
5568,0
5569,0
5570,0
5571,0
5572,1
5573,0
5574,0
5575,0
5576,0
5577,0
5578,0
5579,0
5580,0
5581,1
5582,0
5583,0
5584,0
5585,0
5586,0
5587,0
5588,0
5589,0
5590,0
5591,0
5592,0
5593,0
5594,1
5595,0
5596,0
5597,0
5598,0
5599,0
5600,0
5601,1
5602,0
5603,1
5604,0
5605,0
5606,0
5607,1
5608,0
5609,1
5610,0
5611,0
5612,0
5613,0
5614,1
5615,0
5616,1
5617,0
5618,0
5619,0
5620,1
5621,0
5622,0
5623,0
5624,0
5625,1
5626,0
5627,0
5628,0
5629,0
5630,0
5631,0
5632,0
5633,0
5634,0
5635,0
5636,0
5637,0
5638,0
5639,0
5640,0
5641,0
5642,0
5643,0
5644,0
5645,0
5646,1
5647,0
5648,0
5649,0
5650,0
5651,0
5652,0
5653,0
5654,0
5655,0
5656,0
5657,0
5658,0
5659,0
5660,0
5661,0
5662,0
5663,0
5664,0
5665,0
5666,0
5667,0
5668,1
5669,0
5670,0
5671,1
5672,1
5673,0
5674,0
5675,0
5676,0
5677,0
5678,0
5679,0
5680,0
5681,0
5682,0
5683,0
5684,0
5685,0
5686,1
5687,0
5688,0
5689,0
5690,0
5691,0
5692,0
5693,0
5694,1
5695,0
5696,0
5697,0
5698,0
5699,0
5700,0
5701,0
5702,0
5703,0
5704,0
5705,0
5706,0
5707,1
5708,0
5709,0
5710,0
5711,0
5712,1
5713,0
5714,0
5715,1
5716,0
5717,0
5718,0
5719,0
5720,1
5721,0
5722,0
5723,0
5724,1
5725,0
5726,0
5727,0
5728,0
5729,0
5730,0
5731,1
5732,0
5733,0
5734,0
5735,0
5736,1
5737,0
5738,0
5739,0
5740,0
5741,0
5742,0
5743,0
5744,0
5745,0
5746,0
5747,0
5748,0
5749,0
5750,1
5751,0
5752,0
5753,0
5754,1
5755,0
5756,1
5757,0
5758,0
5759,0
5760,0
5761,0
5762,0
5763,1
5764,0
5765,0
5766,0
5767,0
5768,0
5769,0
5770,0
5771,0
5772,1
5773,1
5774,0
5775,1
5776,0
5777,0
5778,0
5779,0
5780,1
5781,0
5782,1
5783,0
5784,1
5785,0
5786,1
5787,0
5788,0
5789,0
5790,0
5791,0
5792,0
5793,0
5794,0
5795,0
5796,0
5797,1
5798,1
5799,0
5800,0
5801,1
5802,0
5803,1
5804,0
5805,0
5806,0
5807,0
5808,0
5809,0
5810,1
5811,0
5812,1
5813,0
5814,0
5815,0
5816,0
5817,0
5818,0
5819,0
5820,0
5821,1
5822,0
5823,0
5824,0
5825,0
5826,0
5827,0
5828,1
5829,0
5830,0
5831,0
5832,0
5833,0
5834,0
5835,0
5836,0
5837,0
5838,0
5839,0
5840,0
5841,0
5842,0
5843,0
5844,0
5845,0
5846,0
5847,0
5848,0
5849,0
5850,0
5851,0
5852,1
5853,1
5854,0
5855,0
5856,1
5857,0
5858,0
5859,1
5860,1
5861,0
5862,0
5863,0
5864,0
5865,0
5866,0
5867,0
5868,1
5869,0
5870,0
5871,1
5872,0
5873,0
5874,0
5875,0
5876,1
5877,1
5878,0
5879,0
5880,0
5881,1
5882,0
5883,0
5884,0
5885,0
5886,0
5887,0
5888,0
5889,1
5890,1
5891,1
5892,0
5893,0
5894,0
5895,0
5896,0
5897,0
5898,0
5899,1
5900,0
5901,1
5902,0
5903,0
5904,0
5905,0
5906,1
5907,0
5908,0
5909,0
5910,0
5911,0
5912,0
5913,0
5914,1
5915,0
5916,0
5917,0
5918,0
5919,0
5920,0
5921,0
5922,0
5923,1
5924,0
5925,0
5926,0
5927,1
5928,1
5929,0
5930,0
5931,0
5932,1
5933,0
5934,1
5935,1
5936,1
5937,1
5938,0
5939,0
5940,0
5941,0
5942,0
5943,0
5944,0
5945,1
5946,0
5947,0
5948,0
5949,1
5950,0
5951,0
5952,0
5953,0
5954,0
5955,0
5956,0
5957,0
5958,0
5959,1
5960,0
5961,0
5962,1
5963,0
5964,1
5965,0
5966,0
5967,0
5968,0
5969,0
5970,0
5971,0
5972,0
5973,0
5974,1
5975,0
5976,0
5977,0
5978,0
5979,0
5980,0
5981,1
5982,0
5983,0
5984,0
5985,0
5986,0
5987,0
5988,0
5989,1
5990,0
5991,0
5992,1
5993,1
5994,0
5995,0
5996,0
5997,0
5998,0
5999,0
6000,1
6001,0
6002,0
6003,0
6004,1
6005,0
6006,1
6007,0
6008,0
6009,0
6010,0
6011,0
6012,0
6013,0
6014,1
6015,0
6016,0
6017,0
6018,0
6019,0
6020,0
6021,0
6022,0
6023,0
6024,1
6025,0
6026,0
6027,0
6028,0
6029,0
6030,0
6031,0
6032,0
6033,0
6034,0
6035,1
6036,0
6037,1
6038,1
6039,0
6040,0
6041,0
6042,0
6043,0
6044,0
6045,0
6046,1
6047,0
6048,1
6049,1
6050,0
6051,0
6052,0
6053,0
6054,0
6055,0
6056,0
6057,1
6058,0
6059,1
6060,0
6061,1
6062,1
6063,0
6064,0
6065,0
6066,0
6067,0
6068,0
6069,0
6070,0
6071,0
6072,1
6073,0
6074,0
6075,0
6076,1
6077,1
6078,0
6079,0
6080,0
6081,0
6082,0
6083,0
6084,1
6085,0
6086,0
6087,0
6088,1
6089,0
6090,0
6091,0
6092,1
6093,0
6094,0
6095,0
6096,0
6097,0
6098,1
6099,0
6100,1
6101,0
6102,0
6103,0
6104,0
6105,1
6106,0
6107,0
6108,0
6109,0
6110,0
6111,0
6112,1
6113,1
6114,0
6115,1
6116,0
6117,1
6118,1
6119,0
6120,0
6121,1
6122,0
6123,0
6124,0
6125,0
6126,0
6127,1
6128,0
6129,0
6130,0
6131,1
6132,1
6133,0
6134,0
6135,0
6136,0
6137,0
6138,1
6139,0
6140,0
6141,0
6142,0
6143,1
6144,0
6145,0
6146,0
6147,1
6148,1
6149,0
6150,1
6151,0
6152,0
6153,0
6154,0
6155,0
6156,0
6157,0
6158,0
6159,1
6160,0
6161,0
6162,0
6163,0
6164,0
6165,0
6166,0
6167,0
6168,0
6169,0
6170,1
6171,1
6172,0
6173,0
6174,1
6175,0
6176,0
6177,1
6178,1
6179,0
6180,1
6181,1
6182,0
6183,0
6184,0
6185,0
6186,1
6187,0
6188,0
6189,0
6190,0
6191,0
6192,0
6193,1
6194,0
6195,0
6196,0
6197,0
6198,0
6199,0
6200,0
6201,0
6202,0
6203,1
6204,0
6205,0
6206,1
6207,0
6208,1
6209,0
6210,0
6211,0
6212,1
6213,0
6214,0
6215,0
6216,0
6217,0
6218,1
6219,0
6220,1
6221,1
6222,0
6223,1
6224,0
6225,0
6226,0
6227,0
6228,0
6229,0
6230,0
6231,0
6232,0
6233,1
6234,0
6235,0
6236,1
6237,0
6238,1
6239,1
6240,0
6241,1
6242,0
6243,0
6244,0
6245,0
6246,0
6247,0
6248,0
6249,1
6250,0
6251,0
6252,0
6253,0
6254,0
6255,0
6256,0
6257,0
6258,0
6259,0
6260,0
6261,0
6262,0
6263,1
6264,0
6265,0
6266,0
6267,0
6268,0
6269,0
6270,1
6271,0
6272,0
6273,0
6274,0
6275,1
6276,0
6277,0
6278,0
6279,0
6280,0
6281,0
6282,0
6283,0
6284,0
6285,0
6286,1
6287,0
6288,0
6289,1
6290,0
6291,0
6292,0
6293,0
6294,0
6295,0
6296,0
6297,0
6298,0
6299,0
6300,0
6301,0
6302,0
6303,0
6304,0
6305,1
6306,1
6307,1
6308,0
6309,0
6310,0
6311,0
6312,0
6313,0
6314,0
6315,0
6316,0
6317,1
6318,0
6319,0
6320,0
6321,1
6322,1
6323,0
6324,0
6325,0
6326,0
6327,0
6328,0
6329,1
6330,0
6331,0
6332,1
6333,0
6334,0
6335,0
6336,0
6337,1
6338,0
6339,0
6340,0
6341,0
6342,0
6343,0
6344,0
6345,1
6346,0
6347,0
6348,0
6349,0
6350,1
6351,0
6352,1
6353,0
6354,1
6355,1
6356,1
6357,0
6358,0
6359,0
6360,1
6361,0
6362,0
6363,0
6364,1
6365,0
6366,0
6367,0
6368,1
6369,0
6370,0
6371,0
6372,0
6373,0
6374,0
6375,0
6376,0
6377,0
6378,0
6379,0
6380,0
6381,0
6382,0
6383,1
6384,0
6385,0
6386,0
6387,1
6388,1
6389,0
6390,0
6391,1
6392,0
6393,0
6394,0
6395,0
6396,1
6397,0
6398,0
6399,0
6400,0
6401,0
6402,0
6403,0
6404,0
6405,0
6406,1
6407,0
6408,0
6409,1
6410,0
6411,0
6412,0
6413,0
6414,0
6415,1
6416,0
6417,0
6418,1
6419,0
6420,0
6421,0
6422,1
6423,0
6424,0
6425,0
6426,0
6427,0
6428,0
6429,1
6430,0
6431,0
6432,0
6433,0
6434,0
6435,0
6436,0
6437,0
6438,0
6439,1
6440,1
6441,0
6442,0
6443,0
6444,0
6445,0
6446,0
6447,0
6448,0
6449,0
6450,0
6451,0
6452,0
6453,0
6454,0
6455,0
6456,0
6457,0
6458,0
6459,0
6460,0
6461,1
6462,1
6463,0
6464,0
6465,0
6466,0
6467,0
6468,1
6469,0
6470,0
6471,0
6472,0
6473,0
6474,0
6475,1
6476,0
6477,0
6478,0
6479,0
6480,0
6481,1
6482,0
6483,1
6484,1
6485,0
6486,0
6487,0
6488,0
6489,0
6490,0
6491,1
6492,0
6493,1
6494,0
6495,0
6496,0
6497,0
6498,1
6499,0
6500,0
6501,1
6502,0
6503,0
6504,1
6505,0
6506,0
6507,0
6508,0
6509,0
6510,0
6511,1
6512,0
6513,0
6514,1
6515,0
6516,0
6517,0
6518,0
6519,1
6520,0
6521,0
6522,0
6523,0
6524,0
6525,1
6526,0
6527,0
6528,0
6529,0
6530,0
6531,0
6532,0
6533,0
6534,1
6535,0
6536,0
6537,1
6538,0
6539,0
6540,0
6541,0
6542,0
6543,0
6544,0
6545,0
6546,0
6547,1
6548,0
6549,0
6550,0
6551,0
6552,0
6553,0
6554,0
6555,0
6556,0
6557,0
6558,0
6559,1
6560,1
6561,0
6562,0
6563,0
6564,0
6565,0
6566,0
6567,0
6568,1
6569,1
6570,0
6571,0
6572,0
6573,0
6574,0
6575,1
6576,0
6577,0
6578,0
6579,0
6580,1
6581,0
6582,0
6583,0
6584,0
6585,0
6586,0
6587,1
6588,0
6589,1
6590,0
6591,0
6592,0
6593,0
6594,0
6595,1
6596,0
6597,0
6598,0
6599,0
6600,0
6601,1
6602,0
6603,0
6604,0
6605,1
6606,1
6607,0
6608,0
6609,1
6610,0
6611,0
6612,1
6613,0
6614,1
6615,0
6616,1
6617,1
6618,0
6619,0
6620,0
6621,0
6622,0
6623,0
6624,0
6625,1
6626,1
6627,0
6628,0
6629,0
6630,0
6631,0
6632,0
6633,0
6634,0
6635,0
6636,1
6637,0
6638,0
6639,0
6640,1
6641,0
6642,0
6643,0
6644,0
6645,0
6646,0
6647,0
6648,1
6649,0
6650,1
6651,0
6652,1
6653,0
6654,0
6655,1
6656,0
6657,0
6658,0
6659,0
6660,0
6661,0
6662,0
6663,0
6664,1
6665,1
6666,1
6667,0
6668,0
6669,0
6670,0
6671,0
6672,1
6673,1
6674,1
6675,0
6676,0
6677,0
6678,0
6679,0
6680,1
6681,1
6682,0
6683,0
6684,0
6685,0
6686,0
6687,0
6688,0
6689,0
6690,0
6691,1
6692,1
6693,0
6694,0
6695,0
6696,0
6697,0
6698,1
6699,0
6700,1
6701,0
6702,1
6703,0
6704,0
6705,1
6706,0
6707,1
6708,0
6709,0
6710,1
6711,0
6712,0
6713,0
6714,0
6715,0
6716,0
6717,0
6718,1
6719,0
6720,0
6721,0
6722,0
6723,0
6724,0
6725,1
6726,0
6727,0
6728,0
6729,0
6730,0
6731,0
6732,0
6733,0
6734,0
6735,0
6736,0
6737,0
6738,1
6739,0
6740,0
6741,0
6742,0
6743,0
6744,0
6745,0
6746,0
6747,1
6748,0
6749,0
6750,0
6751,0
6752,0
6753,0
6754,1
6755,0
6756,0
6757,0
6758,0
6759,0
6760,0
6761,1
6762,0
6763,0
6764,0
6765,0
6766,0
6767,0
6768,0
6769,0
6770,0
6771,0
6772,0
6773,0
6774,0
6775,0
6776,0
6777,0
6778,0
6779,0
6780,0
6781,0
6782,1
6783,0
6784,0
6785,1
6786,0
6787,0
6788,0
6789,0
6790,0
6791,1
6792,0
6793,0
6794,0
6795,0
6796,0
6797,1
6798,0
6799,0
6800,1
6801,0
6802,0
6803,0
6804,0
6805,0
6806,0
6807,0
6808,0
6809,0
6810,1
6811,0
6812,0
6813,0
6814,0
6815,0
6816,0
6817,1
6818,0
6819,1
6820,0
6821,0
6822,1
6823,1
6824,0
6825,1
6826,1
6827,0
6828,0
6829,0
6830,0
6831,0
6832,0
6833,0
6834,0
6835,0
6836,0
6837,0
6838,0
6839,0
6840,1
6841,0
6842,0
6843,1
6844,0
6845,0
6846,0
6847,0
6848,0
6849,0
6850,0
6851,0
6852,1
6853,0
6854,1
6855,1
6856,0
6857,1
6858,0
6859,1
6860,0
6861,0
6862,1
6863,1
6864,0
6865,0
6866,0
6867,0
6868,0
6869,0
6870,0
6871,0
6872,1
6873,0
6874,0
6875,0
6876,1
6877,1
6878,0
6879,1
6880,1
6881,1
6882,1
6883,1
6884,0
6885,0
6886,1
6887,1
6888,0
6889,0
6890,0
6891,1
6892,1
6893,0
6894,0
6895,0
6896,0
6897,0
6898,0
6899,1
6900,1
6901,0
6902,0
6903,0
6904,0
6905,0
6906,0
6907,0
6908,0
6909,0
6910,0
6911,0
6912,0
6913,0
6914,1
6915,0
6916,0
6917,0
6918,0
6919,1
6920,1
6921,0
6922,0
6923,0
6924,0
6925,0
6926,0
6927,0
6928,0
6929,1
6930,1
6931,0
6932,0
6933,0
6934,0
6935,0
6936,1
6937,0
6938,0
6939,0
6940,0
6941,0
6942,0
6943,1
6944,1
6945,1
6946,1
6947,0
6948,0
6949,0
6950,0
6951,0
6952,0
6953,0
6954,0
6955,1
6956,0
6957,1
6958,0
6959,1
6960,0
6961,0
6962,0
6963,0
6964,1
6965,0
6966,0
6967,1
6968,0
6969,0
6970,0
6971,1
6972,0
6973,0
6974,0
6975,0
6976,1
6977,0
6978,0
6979,0
6980,0
6981,0
6982,0
6983,0
6984,0
6985,1
6986,0
6987,0
6988,0
6989,0
6990,0
6991,0
6992,0
6993,0
6994,0
6995,0
6996,0
6997,0
6998,0
6999,1
7000,0
7001,0
7002,0
7003,0
7004,0
7005,0
7006,0
7007,0
7008,0
7009,0
7010,0
7011,0
7012,1
7013,0
7014,0
7015,1
7016,0
7017,0
7018,0
7019,0
7020,0
7021,0
7022,0
7023,0
7024,0
7025,1
7026,1
7027,1
7028,0
7029,1
7030,0
7031,0
7032,1
7033,0
7034,0
7035,1
7036,0
7037,0
7038,0
7039,0
7040,1
7041,0
7042,0
7043,1
7044,0
7045,0
7046,0
7047,0
7048,0
7049,0
7050,0
7051,1
7052,0
7053,0
7054,0
7055,1
7056,0
7057,0
7058,1
7059,0
7060,0
7061,1
7062,0
7063,0
7064,0
7065,0
7066,0
7067,0
7068,0
7069,1
7070,0
7071,0
7072,1
7073,0
7074,0
7075,1
7076,1
7077,0
7078,0
7079,0
7080,0
7081,1
7082,0
7083,1
7084,1
7085,0
7086,0
7087,0
7088,0
7089,0
7090,0
7091,0
7092,0
7093,0
7094,0
7095,0
7096,0
7097,0
7098,0
7099,0
7100,0
7101,0
7102,1
7103,0
7104,1
7105,0
7106,1
7107,1
7108,0
7109,0
7110,0
7111,0
7112,1
7113,0
7114,0
7115,0
7116,0
7117,0
7118,0
7119,1
7120,0
7121,1
7122,1
7123,0
7124,0
7125,0
7126,0
7127,0
7128,0
7129,0
7130,0
7131,1
7132,0
7133,0
7134,0
7135,0
7136,1
7137,0
7138,1
7139,1
7140,0
7141,0
7142,0
7143,0
7144,0
7145,0
7146,0
7147,0
7148,1
7149,0
7150,0
7151,0
7152,0
7153,0
7154,0
7155,0
7156,0
7157,0
7158,0
7159,0
7160,0
7161,0
7162,1
7163,0
7164,0
7165,0
7166,0
7167,0
7168,0
7169,0
7170,0
7171,0
7172,0
7173,0
7174,1
7175,0
7176,1
7177,0
7178,0
7179,1
7180,0
7181,0
7182,0
7183,1
7184,0
7185,0
7186,0
7187,1
7188,1
7189,0
7190,0
7191,0
7192,0
7193,0
7194,0
7195,1
7196,0
7197,0
7198,0
7199,0
7200,0
7201,0
7202,0
7203,0
7204,0
7205,0
7206,0
7207,1
7208,0
7209,0
7210,0
7211,0
7212,0
7213,0
7214,0
7215,0
7216,0
7217,0
7218,0
7219,0
7220,0
7221,1
7222,0
7223,0
7224,0
7225,0
7226,1
7227,1
7228,1
7229,0
7230,1
7231,1
7232,0
7233,0
7234,0
7235,1
7236,0
7237,1
7238,0
7239,0
7240,1
7241,0
7242,0
7243,0
7244,0
7245,0
7246,0
7247,0
7248,0
7249,0
7250,0
7251,0
7252,1
7253,0
7254,1
7255,0
7256,0
7257,0
7258,1
7259,0
7260,0
7261,0
7262,0
7263,0
7264,1
7265,0
7266,0
7267,1
7268,1
7269,0
7270,0
7271,1
7272,0
7273,0
7274,0
7275,0
7276,0
7277,0
7278,0
7279,0
7280,0
7281,0
7282,1
7283,1
7284,1
7285,1
7286,1
7287,0
7288,1
7289,0
7290,0
7291,0
7292,0
7293,0
7294,0
7295,1
7296,0
7297,0
7298,0
7299,0
7300,0
7301,1
7302,0
7303,0
7304,0
7305,0
7306,0
7307,0
7308,0
7309,0
7310,0
7311,0
7312,0
7313,0
7314,1
7315,0
7316,0
7317,1
7318,0
7319,1
7320,0
7321,0
7322,0
7323,0
7324,0
7325,0
7326,1
7327,1
7328,0
7329,1
7330,0
7331,1
7332,0
7333,0
7334,0
7335,0
7336,1
7337,0
7338,0
7339,0
7340,0
7341,0
7342,0
7343,0
7344,0
7345,0
7346,0
7347,0
7348,0
7349,0
7350,0
7351,1
7352,0
7353,0
7354,0
7355,0
7356,0
7357,0
7358,0
7359,0
7360,0
7361,0
7362,0
7363,1
7364,0
7365,0
7366,0
7367,0
7368,1
7369,1
7370,0
7371,1
7372,0
7373,0
7374,0
7375,0
7376,0
7377,0
7378,1
7379,1
7380,0
7381,0
7382,0
7383,1
7384,0
7385,0
7386,0
7387,0
7388,0
7389,0
7390,0
7391,0
7392,0
7393,1
7394,0
7395,1
7396,0
7397,1
7398,0
7399,0
7400,0
7401,0
7402,0
7403,0
7404,0
7405,0
7406,1
7407,0
7408,0
7409,1
7410,0
7411,0
7412,0
7413,0
7414,0
7415,0
7416,0
7417,0
7418,1
7419,0
7420,0
7421,0
7422,0
7423,0
7424,0
7425,0
7426,0
7427,0
7428,0
7429,0
7430,0
7431,0
7432,0
7433,1
7434,0
7435,0
7436,0
7437,0
7438,0
7439,0
7440,0
7441,0
7442,0
7443,0
7444,1
7445,0
7446,1
7447,0
7448,0
7449,0
7450,0
7451,0
7452,0
7453,0
7454,0
7455,0
7456,1
7457,0
7458,0
7459,0
7460,0
7461,0
7462,0
7463,0
7464,0
7465,0
7466,1
7467,0
7468,0
7469,0
7470,0
7471,0
7472,0
7473,0
7474,0
7475,0
7476,0
7477,0
7478,0
7479,0
7480,0
7481,0
7482,1
7483,0
7484,0
7485,0
7486,0
7487,0
7488,0
7489,0
7490,0
7491,0
7492,0
7493,0
7494,1
7495,0
7496,0
7497,0
7498,0
7499,0
7500,0
7501,1
7502,0
7503,0
7504,1
7505,1
7506,0
7507,0
7508,0
7509,0
7510,1
7511,1
7512,1
7513,0
7514,1
7515,0
7516,1
7517,0
7518,1
7519,0
7520,1
7521,0
7522,1
7523,0
7524,0
7525,0
7526,0
7527,0
7528,0
7529,0
7530,1
7531,0
7532,0
7533,0
7534,0
7535,0
7536,1
7537,1
7538,0
7539,0
7540,0
7541,1
7542,1
7543,0
7544,0
7545,0
7546,0
7547,0
7548,0
7549,0
7550,0
7551,0
7552,0
7553,0
7554,0
7555,1
7556,0
7557,0
7558,0
7559,0
7560,0
7561,0
7562,0
7563,0
7564,0
7565,0
7566,0
7567,0
7568,0
7569,0
7570,0
7571,1
7572,0
7573,1
7574,1
7575,0
7576,0
7577,1
7578,0
7579,0
7580,0
7581,0
7582,0
7583,0
7584,0
7585,1
7586,1
7587,0
7588,0
7589,0
7590,0
7591,0
7592,1
7593,0
7594,1
7595,0
7596,1
7597,0
7598,0
7599,0
7600,0
7601,1
7602,1
7603,0
7604,1
7605,1
7606,0
7607,0
7608,0
7609,0
7610,1
7611,0
7612,0
7613,0
7614,0
7615,1
7616,0
7617,0
7618,0
7619,0
7620,0
7621,0
7622,0
7623,0
7624,0
7625,0
7626,0
7627,0
7628,0
7629,0
7630,0
7631,1
7632,0
7633,0
7634,0
7635,1
7636,0
7637,0
7638,1
7639,1
7640,0
7641,0
7642,0
7643,0
7644,0
7645,0
7646,1
7647,0
7648,0
7649,0
7650,0
7651,0
7652,0
7653,0
7654,0
7655,0
7656,1
7657,0
7658,0
7659,0
7660,0
7661,0
7662,1
7663,0
7664,0
7665,0
7666,0
7667,0
7668,0
7669,0
7670,0
7671,0
7672,1
7673,0
7674,0
7675,1
7676,0
7677,1
7678,0
7679,0
7680,0
7681,0
7682,0
7683,0
7684,0
7685,0
7686,0
7687,0
7688,0
7689,1
7690,0
7691,0
7692,1
7693,0
7694,0
7695,0
7696,1
7697,0
7698,0
7699,0
7700,0
7701,0
7702,1
7703,0
7704,0
7705,0
7706,1
7707,0
7708,0
7709,0
7710,0
7711,1
7712,0
7713,0
7714,0
7715,0
7716,0
7717,0
7718,0
7719,0
7720,0
7721,1
7722,0
7723,0
7724,0
7725,0
7726,0
7727,1
7728,0
7729,1
7730,0
7731,0
7732,0
7733,0
7734,0
7735,0
7736,0
7737,0
7738,0
7739,0
7740,0
7741,1
7742,0
7743,0
7744,0
7745,0
7746,1
7747,0
7748,0
7749,0
7750,1
7751,0
7752,0
7753,0
7754,0
7755,1
7756,0
7757,0
7758,0
7759,0
7760,1
7761,0
7762,1
7763,1
7764,0
7765,0
7766,0
7767,0
7768,0
7769,0
7770,0
7771,0
7772,0
7773,0
7774,0
7775,0
7776,0
7777,0
7778,0
7779,0
7780,0
7781,0
7782,0
7783,0
7784,1
7785,0
7786,0
7787,0
7788,0
7789,1
7790,1
7791,1
7792,0
7793,0
7794,0
7795,0
7796,1
7797,0
7798,0
7799,0
7800,0
7801,0
7802,0
7803,0
7804,0
7805,1
7806,0
7807,0
7808,0
7809,0
7810,0
7811,0
7812,0
7813,0
7814,0
7815,0
7816,1
7817,1
7818,1
7819,1
7820,0
7821,0
7822,1
7823,0
7824,0
7825,0
7826,0
7827,0
7828,0
7829,1
7830,0
7831,0
7832,0
7833,0
7834,0
7835,0
7836,0
7837,0
7838,0
7839,1
7840,1
7841,0
7842,1
7843,1
7844,1
7845,0
7846,1
7847,0
7848,1
7849,0
7850,1
7851,0
7852,1
7853,0
7854,0
7855,0
7856,1
7857,0
7858,0
7859,1
7860,0
7861,0
7862,0
7863,0
7864,0
7865,1
7866,0
7867,0
7868,0
7869,0
7870,0
7871,0
7872,0
7873,0
7874,0
7875,0
7876,0
7877,1
7878,0
7879,0
7880,0
7881,0
7882,0
7883,0
7884,0
7885,1
7886,0
7887,0
7888,0
7889,0
7890,0
7891,0
7892,0
7893,0
7894,0
7895,1
7896,0
7897,0
7898,0
7899,1
7900,0
7901,0
7902,0
7903,1
7904,1
7905,0
7906,0
7907,0
7908,0
7909,0
7910,0
7911,0
7912,0
7913,1
7914,1
7915,0
7916,1
7917,0
7918,1
7919,0
7920,1
7921,0
7922,0
7923,0
7924,0
7925,0
7926,0
7927,0
7928,0
7929,0
7930,1
7931,0
7932,0
7933,1
7934,1
7935,0
7936,0
7937,0
7938,0
7939,1
7940,1
7941,0
7942,0
7943,0
7944,0
7945,0
7946,0
7947,0
7948,0
7949,0
7950,0
7951,0
7952,0
7953,0
7954,1
7955,1
7956,1
7957,0
7958,0
7959,0
7960,0
7961,0
7962,0
7963,0
7964,0
7965,0
7966,1
7967,0
7968,0
7969,0
7970,0
7971,0
7972,0
7973,1
7974,1
7975,1
7976,1
7977,0
7978,0
7979,0
7980,0
7981,0
7982,0
7983,0
7984,0
7985,0
7986,0
7987,0
7988,0
7989,0
7990,1
7991,0
7992,0
7993,0
7994,0
7995,0
7996,0
7997,0
7998,0
7999,0
8000,0
8001,1
8002,0
8003,0
8004,0
8005,1
8006,1
8007,1
8008,0
8009,0
8010,0
8011,0
8012,0
8013,0
8014,0
8015,0
8016,0
8017,0
8018,0
8019,0
8020,0
8021,0
8022,0
8023,0
8024,1
8025,0
8026,0
8027,0
8028,0
8029,0
8030,0
8031,0
8032,0
8033,0
8034,0
8035,0
8036,0
8037,1
8038,0
8039,0
8040,0
8041,1
8042,1
8043,0
8044,0
8045,0
8046,1
8047,0
8048,0
8049,0
8050,0
8051,0
8052,0
8053,0
8054,0
8055,0
8056,0
8057,0
8058,0
8059,1
8060,1
8061,0
8062,0
8063,0
8064,0
8065,0
8066,0
8067,0
8068,0
8069,0
8070,0
8071,0
8072,0
8073,0
8074,0
8075,0
8076,0
8077,0
8078,0
8079,0
8080,0
8081,0
8082,0
8083,0
8084,0
8085,0
8086,0
8087,1
8088,0
8089,1
8090,0
8091,1
8092,0
8093,1
8094,1
8095,0
8096,0
8097,0
8098,0
8099,0
8100,0
8101,0
8102,0
8103,0
8104,0
8105,0
8106,0
8107,0
8108,1
8109,0
8110,0
8111,0
8112,0
8113,0
8114,0
8115,1
8116,0
8117,1
8118,0
8119,0
8120,0
8121,1
8122,0
8123,0
8124,0
8125,0
8126,0
8127,1
8128,0
8129,0
8130,0
8131,0
8132,0
8133,0
8134,0
8135,0
8136,0
8137,0
8138,0
8139,0
8140,0
8141,0
8142,0
8143,0
8144,0
8145,0
8146,0
8147,0
8148,1
8149,0
8150,0
8151,0
8152,0
8153,0
8154,0
8155,0
8156,0
8157,0
8158,0
8159,0
8160,0
8161,1
8162,1
8163,0
8164,0
8165,0
8166,0
8167,0
8168,1
8169,0
8170,1
8171,0
8172,0
8173,0
8174,0
8175,1
8176,0
8177,0
8178,0
8179,0
8180,0
8181,0
8182,0
8183,0
8184,0
8185,0
8186,0
8187,1
8188,0
8189,0
8190,1
8191,0
8192,0
8193,0
8194,0
8195,0
8196,0
8197,1
8198,0
8199,0
8200,1
8201,0
8202,1
8203,1
8204,1
8205,0
8206,0
8207,1
8208,0
8209,0
8210,1
8211,0
8212,0
8213,0
8214,0
8215,1
8216,0
8217,0
8218,1
8219,1
8220,0
8221,0
8222,0
8223,1
8224,1
8225,0
8226,0
8227,0
8228,0
8229,1
8230,0
8231,1
8232,0
8233,1
8234,0
8235,0
8236,1
8237,0
8238,0
8239,0
8240,1
8241,1
8242,1
8243,0
8244,0
8245,0
8246,0
8247,1
8248,0
8249,1
8250,0
8251,0
8252,1
8253,1
8254,0
8255,0
8256,0
8257,1
8258,0
8259,1
8260,0
8261,0
8262,1
8263,0
8264,1
8265,0
8266,0
8267,1
8268,0
8269,0
8270,0
8271,0
8272,1
8273,1
8274,0
8275,1
8276,0
8277,0
8278,0
8279,0
8280,0
8281,0
8282,0
8283,0
8284,1
8285,0
8286,0
8287,1
8288,0
8289,1
8290,0
8291,0
8292,1
8293,0
8294,0
8295,0
8296,0
8297,0
8298,1
8299,0
8300,1
8301,0
8302,1
8303,0
8304,0
8305,1
8306,0
8307,0
8308,1
8309,0
8310,1
8311,0
8312,0
8313,0
8314,1
8315,1
8316,0
8317,1
8318,0
8319,1
8320,0
8321,0
8322,0
8323,0
8324,1
8325,0
8326,0
8327,0
8328,0
8329,0
8330,0
8331,0
8332,0
8333,0
8334,1
8335,0
8336,0
8337,1
8338,0
8339,0
8340,1
8341,0
8342,0
8343,0
8344,0
8345,1
8346,0
8347,0
8348,0
8349,0
8350,0
8351,1
8352,0
8353,1
8354,0
8355,0
8356,0
8357,1
8358,0
8359,0
8360,0
8361,0
8362,0
8363,0
8364,1
8365,0
8366,1
8367,1
8368,0
8369,0
8370,0
8371,0
8372,0
8373,1
8374,0
8375,0
8376,0
8377,1
8378,0
8379,0
8380,0
8381,0
8382,0
8383,0
8384,0
8385,0
8386,0
8387,1
8388,0
8389,0
8390,0
8391,0
8392,1
8393,0
8394,0
8395,0
8396,0
8397,0
8398,0
8399,0
8400,1
8401,0
8402,0
8403,0
8404,0
8405,1
8406,1
8407,1
8408,1
8409,0
8410,0
8411,0
8412,0
8413,0
8414,0
8415,0
8416,0
8417,0
8418,1
8419,0
8420,0
8421,1
8422,0
8423,1
8424,0
8425,0
8426,0
8427,0
8428,0
8429,1
8430,0
8431,1
8432,0
8433,0
8434,0
8435,0
8436,0
8437,1
8438,0
8439,0
8440,0
8441,0
8442,0
8443,0
8444,0
8445,0
8446,0
8447,0
8448,0
8449,1
8450,0
8451,0
8452,0
8453,1
8454,0
8455,1
8456,0
8457,0
8458,0
8459,0
8460,0
8461,1
8462,0
8463,1
8464,0
8465,0
8466,0
8467,0
8468,0
8469,0
8470,0
8471,0
8472,1
8473,0
8474,0
8475,1
8476,0
8477,0
8478,0
8479,1
8480,1
8481,1
8482,0
8483,1
8484,0
8485,1
8486,0
8487,0
8488,1
8489,0
8490,1
8491,1
8492,0
8493,0
8494,0
8495,1
8496,0
8497,0
8498,1
8499,1
8500,1
8501,0
8502,1
8503,0
8504,1
8505,0
8506,1
8507,0
8508,0
8509,0
8510,0
8511,0
8512,1
8513,0
8514,1
8515,0
8516,0
8517,0
8518,0
8519,1
8520,0
8521,0
8522,0
8523,0
8524,0
8525,0
8526,1
8527,0
8528,0
8529,0
8530,1
8531,0
8532,0
8533,0
8534,0
8535,1
8536,0
8537,1
8538,0
8539,0
8540,1
8541,1
8542,0
8543,0
8544,0
8545,0
8546,0
8547,0
8548,0
8549,0
8550,1
8551,0
8552,1
8553,1
8554,0
8555,1
8556,1
8557,0
8558,0
8559,0
8560,0
8561,0
8562,0
8563,0
8564,0
8565,0
8566,0
8567,0
8568,0
8569,0
8570,1
8571,0
8572,0
8573,0
8574,1
8575,1
8576,0
8577,0
8578,0
8579,0
8580,0
8581,1
8582,0
8583,0
8584,0
8585,0
8586,0
8587,0
8588,0
8589,1
8590,0
8591,0
8592,0
8593,1
8594,0
8595,0
8596,0
8597,0
8598,0
8599,0
8600,0
8601,0
8602,1
8603,1
8604,0
8605,0
8606,0
8607,0
8608,0
8609,0
8610,0
8611,1
8612,0
8613,0
8614,1
8615,0
8616,0
8617,0
8618,0
8619,0
8620,0
8621,0
8622,0
8623,1
8624,0
8625,0
8626,0
8627,0
8628,0
8629,0
8630,0
8631,0
8632,0
8633,0
8634,1
8635,0
8636,0
8637,0
8638,0
8639,0
8640,0
8641,0
8642,1
8643,0
8644,1
8645,1
8646,1
8647,1
8648,0
8649,0
8650,0
8651,0
8652,1
8653,0
8654,0
8655,0
8656,0
8657,0
8658,0
8659,0
8660,0
8661,1
8662,0
8663,0
8664,0
8665,0
8666,0
8667,0
8668,0
8669,1
8670,0
8671,0
8672,1
8673,0
8674,0
8675,0
8676,0
8677,0
8678,0
8679,0
8680,1
8681,0
8682,0
8683,0
8684,0
8685,0
8686,1
8687,1
8688,0
8689,1
8690,0
8691,0
8692,0
8693,0
8694,0
8695,0
8696,1
8697,0
8698,0
8699,0
8700,0
8701,0
8702,0
8703,0
8704,0
8705,0
8706,0
8707,1
8708,0
8709,0
8710,0
8711,0
8712,0
8713,0
8714,0
8715,0
8716,1
8717,0
8718,0
8719,0
8720,0
8721,0
8722,0
8723,1
8724,0
8725,0
8726,0
8727,0
8728,0
8729,0
8730,1
8731,0
8732,0
8733,0
8734,0
8735,0
8736,1
8737,1
8738,0
8739,0
8740,0
8741,0
8742,0
8743,0
8744,0
8745,0
8746,0
8747,0
8748,0
8749,0
8750,0
8751,0
8752,0
8753,0
8754,0
8755,0
8756,0
8757,0
8758,0
8759,1
8760,0
8761,0
8762,0
8763,0
8764,0
8765,0
8766,1
8767,1
8768,0
8769,0
8770,0
8771,1
8772,0
8773,0
8774,0
8775,0
8776,0
8777,1
8778,0
8779,0
8780,0
8781,0
8782,1
8783,0
8784,0
8785,0
8786,0
8787,0
8788,0
8789,0
8790,0
8791,0
8792,1
8793,1
8794,0
8795,1
8796,0
8797,0
8798,0
8799,0
8800,0
8801,1
8802,1
8803,0
8804,0
8805,0
8806,0
8807,0
8808,0
8809,0
8810,0
8811,1
8812,0
8813,0
8814,0
8815,0
8816,0
8817,0
8818,1
8819,1
8820,1
8821,0
8822,0
8823,1
8824,0
8825,0
8826,0
8827,1
8828,0
8829,0
8830,1
8831,0
8832,0
8833,1
8834,0
8835,0
8836,1
8837,0
8838,0
8839,0
8840,0
8841,0
8842,1
8843,0
8844,0
8845,1
8846,0
8847,1
8848,0
8849,0
8850,0
8851,0
8852,1
8853,1
8854,0
8855,0
8856,1
8857,0
8858,0
8859,0
8860,0
8861,0
8862,1
8863,1
8864,0
8865,0
8866,0
8867,0
8868,0
8869,0
8870,0
8871,1
8872,1
8873,0
8874,1
8875,1
8876,0
8877,0
8878,0
8879,0
8880,0
8881,0
8882,0
8883,0
8884,0
8885,0
8886,0
8887,0
8888,1
8889,0
8890,0
8891,1
8892,1
8893,0
8894,0
8895,1
8896,0
8897,0
8898,0
8899,0
8900,1
8901,0
8902,0
8903,0
8904,0
8905,1
8906,0
8907,1
8908,0
8909,0
8910,0
8911,0
8912,0
8913,0
8914,0
8915,0
8916,0
8917,1
8918,0
8919,0
8920,0
8921,1
8922,0
8923,1
8924,0
8925,0
8926,1
8927,1
8928,0
8929,0
8930,0
8931,0
8932,0
8933,0
8934,0
8935,1
8936,1
8937,1
8938,0
8939,0
8940,0
8941,0
8942,0
8943,0
8944,0
8945,0
8946,0
8947,0
8948,0
8949,0
8950,0
8951,0
8952,0
8953,0
8954,0
8955,1
8956,0
8957,0
8958,0
8959,0
8960,1
8961,0
8962,0
8963,0
8964,0
8965,0
8966,0
8967,0
8968,0
8969,0
8970,0
8971,1
8972,0
8973,0
8974,1
8975,0
8976,0
8977,0
8978,0
8979,0
8980,0
8981,1
8982,1
8983,0
8984,1
8985,0
8986,0
8987,0
8988,1
8989,0
8990,0
8991,0
8992,0
8993,1
8994,0
8995,1
8996,0
8997,0
8998,0
8999,0
9000,0
9001,0
9002,0
9003,0
9004,0
9005,0
9006,0
9007,0
9008,0
9009,0
9010,0
9011,0
9012,1
9013,0
9014,0
9015,0
9016,0
9017,1
9018,0
9019,0
9020,1
9021,0
9022,1
9023,0
9024,0
9025,0
9026,0
9027,0
9028,0
9029,0
9030,0
9031,0
9032,0
9033,1
9034,0
9035,0
9036,1
9037,0
9038,0
9039,0
9040,1
9041,0
9042,0
9043,0
9044,1
9045,0
9046,0
9047,0
9048,1
9049,0
9050,0
9051,0
9052,0
9053,0
9054,1
9055,1
9056,1
9057,1
9058,0
9059,0
9060,0
9061,0
9062,0
9063,0
9064,0
9065,0
9066,0
9067,1
9068,1
9069,0
9070,0
9071,0
9072,0
9073,0
9074,0
9075,1
9076,0
9077,0
9078,0
9079,0
9080,0
9081,0
9082,0
9083,0
9084,0
9085,0
9086,0
9087,1
9088,0
9089,1
9090,0
9091,0
9092,0
9093,1
9094,0
9095,1
9096,1
9097,0
9098,1
9099,0
9100,0
9101,1
9102,1
9103,1
9104,0
9105,0
9106,0
9107,0
9108,1
9109,0
9110,0
9111,1
9112,0
9113,0
9114,0
9115,0
9116,0
9117,0
9118,0
9119,0
9120,1
9121,1
9122,0
9123,0
9124,0
9125,0
9126,0
9127,0
9128,0
9129,0
9130,0
9131,0
9132,1
9133,1
9134,0
9135,0
9136,0
9137,0
9138,1
9139,1
9140,0
9141,0
9142,0
9143,0
9144,0
9145,1
9146,1
9147,0
9148,1
9149,1
9150,0
9151,0
9152,0
9153,0
9154,0
9155,0
9156,0
9157,1
9158,1
9159,0
9160,1
9161,0
9162,0
9163,0
9164,0
9165,1
9166,0
9167,0
9168,0
9169,0
9170,0
9171,0
9172,1
9173,0
9174,1
9175,1
9176,0
9177,0
9178,0
9179,1
9180,0
9181,1
9182,0
9183,0
9184,0
9185,0
9186,0
9187,0
9188,1
9189,0
9190,0
9191,0
9192,1
9193,0
9194,1
9195,0
9196,0
9197,1
9198,0
9199,0
9200,1
9201,0
9202,0
9203,0
9204,0
9205,1
9206,0
9207,0
9208,0
9209,0
9210,0
9211,0
9212,0
9213,0
9214,0
9215,1
9216,0
9217,0
9218,0
9219,0
9220,0
9221,0
9222,0
9223,0
9224,0
9225,0
9226,0
9227,0
9228,0
9229,0
9230,0
9231,0
9232,0
9233,0
9234,1
9235,0
9236,0
9237,0
9238,0
9239,0
9240,0
9241,0
9242,0
9243,1
9244,0
9245,0
9246,0
9247,0
9248,0
9249,0
9250,0
9251,1
9252,0
9253,1
9254,1
9255,0
9256,0
9257,0
9258,0
9259,0
9260,0
9261,0
9262,1
9263,1
9264,0
9265,1
9266,0
9267,0
9268,0
9269,0
9270,0
9271,0
9272,0
9273,0
9274,0
9275,0
9276,0
9277,1
9278,0
9279,0
9280,0
9281,0
9282,0
9283,0
9284,0
9285,1
9286,0
9287,0
9288,0
9289,1
9290,0
9291,0
9292,0
9293,0
9294,1
9295,0
9296,0
9297,0
9298,0
9299,0
9300,0
9301,0
9302,1
9303,0
9304,0
9305,1
9306,0
9307,1
9308,0
9309,0
9310,0
9311,0
9312,0
9313,0
9314,0
9315,1
9316,0
9317,0
9318,0
9319,0
9320,1
9321,0
9322,0
9323,1
9324,0
9325,0
9326,1
9327,0
9328,1
9329,0
9330,0
9331,0
9332,0
9333,0
9334,0
9335,0
9336,0
9337,0
9338,0
9339,0
9340,0
9341,0
9342,0
9343,0
9344,0
9345,0
9346,0
9347,0
9348,0
9349,0
9350,0
9351,0
9352,1
9353,0
9354,0
9355,0
9356,0
9357,0
9358,0
9359,0
9360,0
9361,0
9362,0
9363,0
9364,1
9365,1
9366,0
9367,0
9368,1
9369,0
9370,0
9371,0
9372,0
9373,0
9374,0
9375,0
9376,0
9377,0
9378,1
9379,0
9380,0
9381,0
9382,0
9383,0
9384,0
9385,0
9386,0
9387,1
9388,0
9389,1
9390,0
9391,0
9392,1
9393,0
9394,0
9395,0
9396,0
9397,0
9398,1
9399,0
9400,1
9401,1
9402,0
9403,0
9404,1
9405,1
9406,0
9407,0
9408,0
9409,0
9410,0
9411,0
9412,0
9413,0
9414,0
9415,0
9416,0
9417,0
9418,0
9419,0
9420,1
9421,0
9422,0
9423,0
9424,1
9425,0
9426,0
9427,0
9428,0
9429,0
9430,0
9431,0
9432,0
9433,0
9434,0
9435,0
9436,0
9437,0
9438,0
9439,0
9440,0
9441,0
9442,0
9443,1
9444,0
9445,0
9446,0
9447,0
9448,0
9449,0
9450,0
9451,0
9452,0
9453,0
9454,0
9455,0
9456,0
9457,0
9458,0
9459,0
9460,0
9461,0
9462,0
9463,0
9464,0
9465,0
9466,0
9467,1
9468,1
9469,0
9470,0
9471,0
9472,0
9473,0
9474,1
9475,0
9476,1
9477,0
9478,0
9479,0
9480,0
9481,0
9482,0
9483,0
9484,0
9485,0
9486,1
9487,0
9488,0
9489,0
9490,0
9491,0
9492,0
9493,1
9494,1
9495,0
9496,0
9497,0
9498,0
9499,0
9500,0
9501,0
9502,0
9503,0
9504,1
9505,0
9506,0
9507,0
9508,0
9509,0
9510,0
9511,0
9512,0
9513,0
9514,0
9515,1
9516,0
9517,1
9518,0
9519,0
9520,0
9521,0
9522,1
9523,0
9524,0
9525,0
9526,1
9527,0
9528,1
9529,0
9530,0
9531,0
9532,0
9533,0
9534,0
9535,0
9536,0
9537,0
9538,0
9539,0
9540,0
9541,1
9542,0
9543,0
9544,0
9545,1
9546,1
9547,0
9548,1
9549,0
9550,0
9551,0
9552,0
9553,0
9554,1
9555,0
9556,0
9557,0
9558,0
9559,1
9560,0
9561,0
9562,0
9563,1
9564,0
9565,1
9566,0
9567,0
9568,0
9569,0
9570,1
9571,0
9572,1
9573,0
9574,1
9575,1
9576,0
9577,0
9578,1
9579,0
9580,0
9581,0
9582,0
9583,1
9584,0
9585,0
9586,0
9587,0
9588,0
9589,0
9590,0
9591,0
9592,0
9593,0
9594,0
9595,1
9596,0
9597,0
9598,0
9599,0
9600,0
9601,0
9602,0
9603,1
9604,0
9605,0
9606,0
9607,1
9608,0
9609,0
9610,0
9611,0
9612,0
9613,0
9614,0
9615,1
9616,0
9617,0
9618,0
9619,0
9620,0
9621,0
9622,0
9623,0
9624,0
9625,0
9626,0
9627,0
9628,0
9629,0
9630,1
9631,0
9632,0
9633,1
9634,0
9635,0
9636,0
9637,0
9638,0
9639,0
9640,0
9641,0
9642,0
9643,0
9644,0
9645,0
9646,0
9647,0
9648,0
9649,0
9650,0
9651,0
9652,0
9653,0
9654,0
9655,1
9656,1
9657,0
9658,0
9659,0
9660,0
9661,1
9662,0
9663,0
9664,0
9665,0
9666,0
9667,1
9668,0
9669,0
9670,0
9671,0
9672,1
9673,0
9674,1
9675,0
9676,1
9677,0
9678,0
9679,0
9680,0
9681,0
9682,1
9683,0
9684,0
9685,0
9686,0
9687,1
9688,0
9689,0
9690,1
9691,0
9692,0
9693,0
9694,0
9695,0
9696,0
9697,0
9698,0
9699,0
9700,0
9701,0
9702,1
9703,0
9704,1
9705,0
9706,0
9707,0
9708,0
9709,0
9710,0
9711,0
9712,0
9713,0
9714,1
9715,0
9716,1
9717,0
9718,0
9719,1
9720,0
9721,0
9722,0
9723,0
9724,0
9725,0
9726,0
9727,0
9728,0
9729,0
9730,0
9731,1
9732,0
9733,0
9734,0
9735,0
9736,0
9737,0
9738,0
9739,0
9740,0
9741,0
9742,1
9743,0
9744,0
9745,0
9746,0
9747,0
9748,0
9749,0
9750,0
9751,1
9752,0
9753,0
9754,0
9755,0
9756,0
9757,1
9758,0
9759,0
9760,1
9761,0
9762,0
9763,1
9764,0
9765,1
9766,1
9767,1
9768,0
9769,0
9770,1
9771,0
9772,0
9773,1
9774,0
9775,1
9776,0
9777,1
9778,1
9779,0
9780,1
9781,0
9782,1
9783,0
9784,0
9785,0
9786,0
9787,1
9788,0
9789,1
9790,0
9791,1
9792,1
9793,0
9794,0
9795,0
9796,1
9797,0
9798,0
9799,1
9800,0
9801,0
9802,0
9803,0
9804,0
9805,0
9806,0
9807,0
9808,0
9809,0
9810,0
9811,1
9812,0
9813,0
9814,0
9815,0
9816,0
9817,0
9818,0
9819,0
9820,0
9821,0
9822,0
9823,0
9824,0
9825,0
9826,0
9827,0
9828,1
9829,0
9830,0
9831,0
9832,0
9833,0
9834,0
9835,0
9836,0
9837,1
9838,0
9839,0
9840,0
9841,0
9842,0
9843,1
9844,1
9845,1
9846,0
9847,0
9848,1
9849,0
9850,1
9851,0
9852,1
9853,0
9854,0
9855,0
9856,0
9857,0
9858,1
9859,0
9860,0
9861,0
9862,0
9863,0
9864,0
9865,0
9866,0
9867,1
9868,0
9869,0
9870,1
9871,0
9872,0
9873,1
9874,1
9875,0
9876,0
9877,1
9878,0
9879,0
9880,1
9881,0
9882,0
9883,1
9884,0
9885,0
9886,0
9887,0
9888,0
9889,1
9890,0
9891,0
9892,0
9893,1
9894,0
9895,0
9896,1
9897,0
9898,0
9899,0
9900,0
9901,0
9902,0
9903,0
9904,1
9905,0
9906,0
9907,1
9908,0
9909,0
9910,0
9911,1
9912,0
9913,1
9914,1
9915,0
9916,0
9917,0
9918,0
9919,0
9920,0
9921,0
9922,0
9923,0
9924,1
9925,0
9926,0
9927,1
9928,1
9929,1
9930,0
9931,0
9932,1
9933,0
9934,0
9935,0
9936,0
9937,0
9938,0
9939,0
9940,0
9941,0
9942,0
9943,0
9944,0
9945,0
9946,0
9947,0
9948,1
9949,0
9950,0
9951,1
9952,0
9953,0
9954,0
9955,1
9956,0
9957,1
9958,0
9959,0
9960,0
9961,1
9962,0
9963,1
9964,0
9965,0
9966,0
9967,0
9968,0
9969,0
9970,0
9971,0
9972,0
9973,0
9974,0
9975,0
9976,0
9977,0
9978,0
9979,0
9980,0
9981,0
9982,0
9983,0
9984,0
9985,0
9986,0
9987,0
9988,0
9989,0
9990,0
9991,0
9992,0
9993,0
9994,0
9995,0
9996,0
9997,1
9998,0
9999,1
10000,0
10001,0
10002,0
10003,0
10004,0
10005,0
10006,1
10007,0
10008,1
10009,1
10010,0
10011,0
10012,0
10013,0
10014,0
10015,0
10016,0
10017,0
10018,0
10019,0
10020,0
10021,0
10022,0
10023,0
10024,0
10025,1
10026,0
10027,0
10028,0
10029,0
10030,0
10031,0
10032,0
10033,0
10034,0
10035,1
10036,1
10037,0
10038,0
10039,0
10040,0
10041,0
10042,0
10043,1
10044,0
10045,1
10046,0
10047,0
10048,0
10049,0
10050,0
10051,1
10052,0
10053,0
10054,0
10055,0
10056,0
10057,0
10058,0
10059,0
10060,0
10061,0
10062,0
10063,0
10064,0
10065,1
10066,0
10067,0
10068,0
10069,0
10070,0
10071,0
10072,0
10073,0
10074,0
10075,0
10076,0
10077,0
10078,0
10079,1
10080,0
10081,0
10082,1
10083,1
10084,0
10085,1
10086,1
10087,0
10088,0
10089,1
10090,0
10091,0
10092,0
10093,0
10094,0
10095,0
10096,0
10097,1
10098,0
10099,0
10100,1
10101,1
10102,1
10103,0
10104,0
10105,0
10106,0
10107,0
10108,0
10109,1
10110,0
10111,0
10112,0
10113,0
10114,0
10115,1
10116,0
10117,0
10118,0
10119,0
10120,1
10121,0
10122,0
10123,1
10124,0
10125,0
10126,0
10127,0
10128,0
10129,1
10130,0
10131,0
10132,0
10133,0
10134,1
10135,0
10136,0
10137,0
10138,0
10139,1
10140,0
10141,0
10142,0
10143,0
10144,0
10145,0
10146,0
10147,0
10148,0
10149,0
10150,0
10151,1
10152,1
10153,0
10154,0
10155,0
10156,0
10157,0
10158,1
10159,1
10160,0
10161,0
10162,0
10163,1
10164,0
10165,1
10166,0
10167,0
10168,0
10169,0
10170,1
10171,0
10172,0
10173,0
10174,1
10175,1
10176,1
10177,0
10178,0
10179,0
10180,0
10181,0
10182,0
10183,0
10184,0
10185,0
10186,0
10187,0
10188,0
10189,0
10190,0
10191,0
10192,0
10193,0
10194,0
10195,0
10196,0
10197,1
10198,0
10199,0
10200,0
10201,0
10202,0
10203,0
10204,0
10205,0
10206,0
10207,0
10208,0
10209,0
10210,0
10211,0
10212,0
10213,0
10214,0
10215,0
10216,0
10217,0
10218,0
10219,0
10220,0
10221,0
10222,0
10223,0
10224,0
10225,0
10226,0
10227,0
10228,1
10229,0
10230,1
10231,0
10232,1
10233,1
10234,0
10235,0
10236,0
10237,0
10238,0
10239,0
10240,0
10241,0
10242,0
10243,0
10244,0
10245,0
10246,0
10247,0
10248,0
10249,0
10250,0
10251,0
10252,0
10253,0
10254,0
10255,0
10256,0
10257,0
10258,0
10259,1
10260,0
10261,1
10262,0
10263,0
10264,0
10265,0
10266,0
10267,0
10268,0
10269,0
10270,0
10271,0
10272,0
10273,0
10274,1
10275,0
10276,0
10277,0
10278,0
10279,0
10280,0
10281,0
10282,0
10283,1
10284,0
10285,0
10286,0
10287,1
10288,0
10289,1
10290,0
10291,0
10292,0
10293,0
10294,0
10295,0
10296,0
10297,0
10298,0
10299,0
10300,0
10301,0
10302,0
10303,1
10304,0
10305,0
10306,0
10307,0
10308,0
10309,0
10310,0
10311,0
10312,0
10313,1
10314,0
10315,0
10316,0
10317,0
10318,1
10319,0
10320,0
10321,0
10322,0
10323,0
10324,0
10325,0
10326,0
10327,0
10328,1
10329,0
10330,0
10331,0
10332,0
10333,1
10334,0
10335,0
10336,0
10337,0
10338,1
10339,0
10340,0
10341,0
10342,0
10343,0
10344,1
10345,0
10346,1
10347,0
10348,0
10349,1
10350,0
10351,0
10352,0
10353,0
10354,0
10355,1
10356,1
10357,0
10358,0
10359,0
10360,0
10361,0
10362,0
10363,0
10364,0
10365,0
10366,0
10367,0
10368,1
10369,0
10370,0
10371,0
10372,0
10373,0
10374,0
10375,0
10376,0
10377,0
10378,0
10379,0
10380,1
10381,0
10382,1
10383,0
10384,1
10385,1
10386,0
10387,0
10388,0
10389,0
10390,0
10391,0
10392,0
10393,1
10394,0
10395,0
10396,0
10397,0
10398,0
10399,0
10400,0
10401,0
10402,0
10403,0
10404,0
10405,0
10406,0
10407,0
10408,0
10409,0
10410,0
10411,0
10412,0
10413,0
10414,0
10415,0
10416,1
10417,1
10418,0
10419,0
10420,1
10421,0
10422,0
10423,0
10424,0
10425,1
10426,1
10427,0
10428,0
10429,0
10430,0
10431,1
10432,0
10433,0
10434,0
10435,1
10436,0
10437,0
10438,0
10439,1
10440,0
10441,0
10442,0
10443,0
10444,1
10445,0
10446,0
10447,0
10448,0
10449,1
10450,0
10451,0
10452,0
10453,0
10454,1
10455,0
10456,0
10457,0
10458,0
10459,0
10460,0
10461,0
10462,0
10463,0
10464,0
10465,0
10466,0
10467,1
10468,0
10469,0
10470,0
10471,0
10472,1
10473,0
10474,0
10475,0
10476,0
10477,1
10478,1
10479,0
10480,0
10481,0
10482,0
10483,0
10484,0
10485,0
10486,0
10487,0
10488,0
10489,1
10490,0
10491,1
10492,0
10493,0
10494,0
10495,0
10496,0
10497,0
10498,0
10499,0
10500,0
10501,0
10502,0
10503,1
10504,1
10505,0
10506,0
10507,0
10508,0
10509,0
10510,0
10511,0
10512,0
10513,1
10514,0
10515,0
10516,0
10517,0
10518,0
10519,0
10520,0
10521,1
10522,0
10523,0
10524,1
10525,0
10526,0
10527,0
10528,0
10529,0
10530,0
10531,0
10532,1
10533,0
10534,0
10535,0
10536,1
10537,0
10538,0
10539,0
10540,0
10541,0
10542,0
10543,0
10544,0
10545,0
10546,0
10547,0
10548,0
10549,0
10550,0
10551,0
10552,0
10553,0
10554,0
10555,1
10556,0
10557,0
10558,1
10559,0
10560,0
10561,1
10562,0
10563,0
10564,0
10565,0
10566,1
10567,0
10568,0
10569,1
10570,1
10571,0
10572,0
10573,0
10574,0
10575,0
10576,0
10577,0
10578,1
10579,0
10580,0
10581,0
10582,0
10583,1
10584,0
10585,0
10586,0
10587,1
10588,0
10589,0
10590,0
10591,0
10592,0
10593,0
10594,0
10595,0
10596,0
10597,0
10598,0
10599,0
10600,1
10601,0
10602,0
10603,0
10604,0
10605,0
10606,0
10607,1
10608,0
10609,0
10610,1
10611,1
10612,0
10613,0
10614,0
10615,1
10616,0
10617,0
10618,0
10619,0
10620,1
10621,0
10622,0
10623,0
10624,0
10625,0
10626,0
10627,0
10628,1
10629,1
10630,0
10631,0
10632,0
10633,0
10634,1
10635,0
10636,0
10637,0
10638,0
10639,0
10640,0
10641,1
10642,0
10643,0
10644,1
10645,0
10646,0
10647,0
10648,0
10649,0
10650,0
10651,0
10652,1
10653,1
10654,0
10655,0
10656,0
10657,1
10658,0
10659,0
10660,0
10661,0
10662,0
10663,0
10664,0
10665,0
10666,0
10667,0
10668,0
10669,1
10670,0
10671,0
10672,0
10673,0
10674,1
10675,0
10676,0
10677,0
10678,1
10679,0
10680,1
10681,0
10682,0
10683,0
10684,0
10685,0
10686,0
10687,0
10688,0
10689,0
10690,0
10691,0
10692,1
10693,0
10694,0
10695,0
10696,0
10697,0
10698,0
10699,0
10700,0
10701,0
10702,1
10703,0
10704,1
10705,0
10706,0
10707,0
10708,0
10709,1
10710,0
10711,0
10712,0
10713,0
10714,0
10715,0
10716,0
10717,1
10718,0
10719,1
10720,0
10721,0
10722,0
10723,0
10724,0
10725,0
10726,0
10727,0
10728,0
10729,0
10730,0
10731,1
10732,0
10733,0
10734,0
10735,0
10736,0
10737,0
10738,0
10739,0
10740,0
10741,0
10742,0
10743,0
10744,0
10745,0
10746,0
10747,1
10748,0
10749,0
10750,0
10751,0
10752,0
10753,0
10754,0
10755,1
10756,0
10757,0
10758,1
10759,0
10760,1
10761,0
10762,0
10763,0
10764,1
10765,1
10766,0
10767,0
10768,0
10769,1
10770,0
10771,0
10772,1
10773,0
10774,0
10775,0
10776,1
10777,1
10778,0
10779,0
10780,0
10781,0
10782,0
10783,0
10784,0
10785,0
10786,1
10787,1
10788,0
10789,0
10790,0
10791,0
10792,0
10793,0
10794,0
10795,0
10796,0
10797,0
10798,0
10799,0
10800,1
10801,1
10802,0
10803,0
10804,0
10805,0
10806,0
10807,0
10808,0
10809,0
10810,0
10811,0
10812,1
10813,0
10814,1
10815,1
10816,1
10817,0
10818,0
10819,0
10820,1
10821,0
10822,1
10823,1
10824,0
10825,0
10826,0
10827,0
10828,0
10829,0
10830,0
10831,0
10832,0
10833,0
10834,0
10835,1
10836,0
10837,0
10838,0
10839,0
10840,0
10841,1
10842,0
10843,0
10844,0
10845,0
10846,1
10847,0
10848,1
10849,0
10850,0
10851,0
10852,0
10853,0
10854,0
10855,0
10856,0
10857,0
10858,0
10859,1
10860,0
10861,1
10862,0
10863,1
10864,1
10865,1
10866,0
10867,0
10868,0
10869,0
10870,1
10871,0
10872,0
10873,1
10874,0
10875,0
10876,0
10877,1
10878,0
10879,1
10880,0
10881,0
10882,0
10883,1
10884,0
10885,0
10886,1
10887,0
10888,1
10889,0
10890,1
10891,0
10892,0
10893,0
10894,0
10895,1
10896,0
10897,0
10898,0
10899,0
10900,1
10901,0
10902,0
10903,0
10904,0
10905,1
10906,0
10907,0
10908,0
10909,0
10910,0
10911,0
10912,1
10913,1
10914,0
10915,0
10916,0
10917,0
10918,0
10919,0
10920,0
10921,0
10922,0
10923,1
10924,0
10925,0
10926,0
10927,0
10928,0
10929,0
10930,0
10931,1
10932,0
10933,0
10934,1
10935,0
10936,1
10937,0
10938,1
10939,0
10940,0
10941,0
10942,0
10943,0
10944,1
10945,0
10946,0
10947,0
10948,0
10949,0
10950,1
10951,0
10952,1
10953,0
10954,0
10955,0
10956,0
10957,0
10958,1
10959,0
10960,0
10961,1
10962,0
10963,0
10964,0
10965,0
10966,0
10967,0
10968,0
10969,0
10970,0
10971,0
10972,0
10973,0
10974,0
10975,0
10976,1
10977,0
10978,0
10979,0
10980,0
10981,1
10982,0
10983,0
10984,0
10985,0
10986,0
10987,0
10988,0
10989,1
10990,0
10991,1
10992,1
10993,1
10994,0
10995,0
10996,0
10997,0
10998,0
10999,1
11000,0
11001,0
11002,0
11003,0
11004,0
11005,1
11006,0
11007,0
11008,0
11009,0
11010,0
11011,0
11012,0
11013,0
11014,0
11015,1
11016,0
11017,0
11018,0
11019,0
11020,0
11021,0
11022,0
11023,0
11024,0
11025,0
11026,0
11027,0
11028,0
11029,0
11030,0
11031,0
11032,1
11033,1
11034,0
11035,0
11036,0
11037,0
11038,0
11039,0
11040,0
11041,0
11042,0
11043,1
11044,0
11045,0
11046,0
11047,0
11048,0
11049,0
11050,0
11051,0
11052,0
11053,0
11054,0
11055,1
11056,1
11057,1
11058,0
11059,0
11060,0
11061,0
11062,0
11063,1
11064,0
11065,1
11066,0
11067,1
11068,1
11069,0
11070,1
11071,1
11072,0
11073,0
11074,0
11075,1
11076,0
11077,1
11078,0
11079,0
11080,0
11081,0
11082,0
11083,1
11084,0
11085,0
11086,0
11087,1
11088,0
11089,0
11090,1
11091,0
11092,0
11093,0
11094,0
11095,1
11096,1
11097,0
11098,0
11099,1
11100,0
11101,1
11102,0
11103,0
11104,1
11105,0
11106,1
11107,0
11108,0
11109,1
11110,0
11111,1
11112,0
11113,1
11114,0
11115,0
11116,0
11117,0
11118,0
11119,1
11120,1
11121,1
11122,1
11123,0
11124,0
11125,1
11126,0
11127,1
11128,1
11129,0
11130,0
11131,0
11132,0
11133,0
11134,0
11135,0
11136,1
11137,0
11138,0
11139,0
11140,0
11141,0
11142,0
11143,1
11144,1
11145,1
11146,0
11147,0
11148,0
11149,0
11150,0
11151,0
11152,0
11153,0
11154,1
11155,0
11156,0
11157,1
11158,0
11159,0
11160,0
11161,0
11162,1
11163,0
11164,0
11165,1
11166,0
11167,0
11168,1
11169,0
11170,0
11171,0
11172,0
11173,0
11174,0
11175,0
11176,0
11177,1
11178,0
11179,1
11180,0
11181,0
11182,0
11183,0
11184,0
11185,0
11186,0
11187,0
11188,0
11189,0
11190,0
11191,0
11192,1
11193,0
11194,1
11195,0
11196,0
11197,0
11198,0
11199,1
11200,0
11201,0
11202,0
11203,0
11204,0
11205,0
11206,0
11207,1
11208,0
11209,1
11210,0
11211,1
11212,0
11213,1
11214,0
11215,0
11216,1
11217,0
11218,0
11219,0
11220,0
11221,0
11222,1
11223,0
11224,0
11225,1
11226,0
11227,0
11228,1
11229,0
11230,0
11231,1
11232,0
11233,0
11234,0
11235,0
11236,0
11237,0
11238,1
11239,0
11240,0
11241,0
11242,0
11243,1
11244,0
11245,0
11246,0
11247,1
11248,0
11249,0
11250,0
11251,0
11252,0
11253,0
11254,0
11255,0
11256,0
11257,1
11258,0
11259,0
11260,0
11261,0
11262,0
11263,0
11264,1
11265,0
11266,0
11267,0
11268,0
11269,0
11270,0
11271,0
11272,0
11273,1
11274,0
11275,0
11276,0
11277,0
11278,0
11279,0
11280,0
11281,1
11282,0
11283,0
11284,0
11285,0
11286,0
11287,0
11288,0
11289,0
11290,0
11291,0
11292,1
11293,0
11294,0
11295,0
11296,1
11297,0
11298,0
11299,0
11300,0
11301,0
11302,0
11303,0
11304,1
11305,0
11306,0
11307,0
11308,0
11309,0
11310,0
11311,1
11312,0
11313,0
11314,1
11315,1
11316,0
11317,0
11318,1
11319,0
11320,0
11321,1
11322,0
11323,0
11324,0
11325,0
11326,0
11327,0
11328,0
11329,1
11330,0
11331,0
11332,0
11333,0
11334,0
11335,0
11336,0
11337,0
11338,0
11339,0
11340,0
11341,0
11342,1
11343,0
11344,1
11345,0
11346,1
11347,0
11348,0
11349,0
11350,0
11351,0
11352,0
11353,0
11354,0
11355,0
11356,0
11357,0
11358,1
11359,1
11360,0
11361,1
11362,1
11363,0
11364,0
11365,0
11366,1
11367,0
11368,0
11369,0
11370,0
11371,0
11372,0
11373,0
11374,0
11375,0
11376,0
11377,0
11378,0
11379,0
11380,1
11381,0
11382,0
11383,0
11384,0
11385,0
11386,1
11387,1
11388,0
11389,1
11390,0
11391,0
11392,1
11393,0
11394,0
11395,1
11396,0
11397,1
11398,0
11399,0
11400,0
11401,0
11402,0
11403,0
11404,0
11405,0
11406,0
11407,0
11408,0
11409,0
11410,0
11411,0
11412,0
11413,0
11414,0
11415,0
11416,0
11417,1
11418,0
11419,0
11420,0
11421,0
11422,0
11423,1
11424,0
11425,1
11426,0
11427,0
11428,0
11429,0
11430,1
11431,1
11432,0
11433,1
11434,0
11435,0
11436,0
11437,0
11438,0
11439,0
11440,0
11441,1
11442,0
11443,0
11444,0
11445,0
11446,0
11447,0
11448,0
11449,0
11450,0
11451,0
11452,1
11453,0
11454,0
11455,0
11456,1
11457,1
11458,0
11459,0
11460,1
11461,0
11462,0
11463,0
11464,0
11465,0
11466,0
11467,0
11468,0
11469,0
11470,0
11471,0
11472,0
11473,0
11474,1
11475,0
11476,0
11477,0
11478,0
11479,0
11480,0
11481,0
11482,1
11483,0
11484,0
11485,0
11486,0
11487,0
11488,0
11489,0
11490,0
11491,0
11492,0
11493,0
11494,1
11495,0
11496,0
11497,0
11498,0
11499,0
11500,0
11501,0
11502,0
11503,1
11504,0
11505,0
11506,0
11507,0
11508,0
11509,0
11510,0
11511,0
11512,0
11513,0
11514,0
11515,0
11516,1
11517,0
11518,0
11519,1
11520,0
11521,0
11522,0
11523,0
11524,0
11525,0
11526,0
11527,0
11528,1
11529,0
11530,1
11531,0
11532,0
11533,0
11534,1
11535,0
11536,0
11537,0
11538,0
11539,0
11540,0
11541,0
11542,1
11543,0
11544,0
11545,0
11546,1
11547,0
11548,0
11549,0
11550,0
11551,0
11552,0
11553,0
11554,0
11555,0
11556,0
11557,0
11558,0
11559,0
11560,0
11561,0
11562,0
11563,0
11564,0
11565,1
11566,0
11567,0
11568,0
11569,0
11570,1
11571,1
11572,1
11573,0
11574,0
11575,0
11576,1
11577,0
11578,0
11579,0
11580,0
11581,1
11582,0
11583,0
11584,1
11585,0
11586,0
11587,0
11588,0
11589,1
11590,0
11591,1
11592,0
11593,1
11594,0
11595,1
11596,0
11597,0
11598,0
11599,0
11600,0
11601,0
11602,0
11603,1
11604,0
11605,0
11606,0
11607,0
11608,0
11609,0
11610,0
11611,0
11612,0
11613,0
11614,0
11615,0
11616,1
11617,0
11618,0
11619,0
11620,0
11621,0
11622,0
11623,0
11624,0
11625,1
11626,1
11627,0
11628,0
11629,0
11630,1
11631,0
11632,0
11633,0
11634,0
11635,0
11636,0
11637,0
11638,1
11639,1
11640,1
11641,0
11642,0
11643,0
11644,0
11645,0
11646,0
11647,0
11648,0
11649,0
11650,0
11651,0
11652,0
11653,0
11654,0
11655,0
11656,1
11657,0
11658,0
11659,0
11660,0
11661,1
11662,0
11663,0
11664,0
11665,0
11666,1
11667,0
11668,0
11669,0
11670,0
11671,0
11672,0
11673,0
11674,1
11675,1
11676,1
11677,0
11678,0
11679,0
11680,0
11681,0
11682,1
11683,0
11684,0
11685,0
11686,0
11687,0
11688,0
11689,1
11690,0
11691,0
11692,0
11693,0
11694,0
11695,0
11696,0
11697,0
11698,0
11699,0
11700,0
11701,1
11702,0
11703,0
11704,0
11705,0
11706,1
11707,0
11708,0
11709,0
11710,0
11711,0
11712,0
11713,0
11714,0
11715,0
11716,0
11717,0
11718,0
11719,0
11720,1
11721,1
11722,1
11723,0
11724,0
11725,1
11726,0
11727,0
11728,0
11729,0
11730,0
11731,1
11732,0
11733,0
11734,0
11735,0
11736,0
11737,0
11738,0
11739,0
11740,0
11741,1
11742,0
11743,0
11744,0
11745,0
11746,0
11747,0
11748,0
11749,0
11750,0
11751,0
11752,0
11753,0
11754,0
11755,0
11756,0
11757,1
11758,0
11759,0
11760,0
11761,0
11762,0
11763,0
11764,1
11765,0
11766,0
11767,0
11768,0
11769,0
11770,1
11771,0
11772,0
11773,0
11774,0
11775,1
11776,0
11777,0
11778,0
11779,0
11780,0
11781,0
11782,1
11783,0
11784,1
11785,0
11786,0
11787,0
11788,1
11789,1
11790,0
11791,0
11792,0
11793,0
11794,0
11795,0
11796,0
11797,0
11798,1
11799,0
11800,0
11801,0
11802,0
11803,0
11804,0
11805,0
11806,0
11807,0
11808,0
11809,0
11810,1
11811,0
11812,0
11813,1
11814,0
11815,0
11816,0
11817,1
11818,0
11819,0
11820,0
11821,0
11822,0
11823,0
11824,0
11825,0
11826,0
11827,0
11828,0
11829,1
11830,0
11831,1
11832,0
11833,0
11834,0
11835,0
11836,1
11837,0
11838,1
11839,0
11840,0
11841,1
11842,0
11843,0
11844,0
11845,0
11846,0
11847,0
11848,0
11849,0
11850,0
11851,0
11852,0
11853,1
11854,0
11855,0
11856,0
11857,1
11858,0
11859,1
11860,1
11861,0
11862,0
11863,0
11864,0
11865,0
11866,0
11867,1
11868,0
11869,0
11870,1
11871,0
11872,0
11873,1
11874,0
11875,0
11876,0
11877,0
11878,0
11879,0
11880,0
11881,0
11882,0
11883,1
11884,0
11885,0
11886,1
11887,0
11888,0
11889,0
11890,0
11891,0
11892,0
11893,0
11894,0
11895,0
11896,0
11897,0
11898,0
11899,0
11900,0
11901,1
11902,0
11903,0
11904,1
11905,0
11906,0
11907,1
11908,0
11909,0
11910,0
11911,0
11912,1
11913,0
11914,0
11915,1
11916,0
11917,0
11918,0
11919,0
11920,1
11921,1
11922,0
11923,1
11924,0
11925,1
11926,0
11927,1
11928,1
11929,0
11930,0
11931,0
11932,0
11933,0
11934,0
11935,0
11936,0
11937,1
11938,0
11939,0
11940,0
11941,0
11942,0
11943,0
11944,0
11945,0
11946,0
11947,0
11948,1
11949,1
11950,0
11951,0
11952,0
11953,0
11954,0
11955,0
11956,0
11957,0
11958,0
11959,0
11960,0
11961,0
11962,0
11963,0
11964,0
11965,0
11966,0
11967,0
11968,0
11969,1
11970,1
11971,0
11972,0
11973,1
11974,0
11975,1
11976,0
11977,1
11978,0
11979,1
11980,1
11981,0
11982,0
11983,0
11984,1
11985,0
11986,0
11987,1
11988,0
11989,1
11990,0
11991,0
11992,0
11993,0
11994,1
11995,0
11996,0
11997,0
11998,0
11999,0
12000,0
12001,0
12002,0
12003,1
12004,0
12005,0
12006,0
12007,0
12008,0
12009,0
12010,0
12011,0
12012,0
12013,0
12014,1
12015,0
12016,0
12017,0
12018,1
12019,0
12020,0
12021,1
12022,0
12023,0
12024,0
12025,1
12026,0
12027,0
12028,0
12029,0
12030,0
12031,1
12032,0
12033,0
12034,1
12035,0
12036,0
12037,0
12038,0
12039,0
12040,0
12041,0
12042,1
12043,0
12044,1
12045,0
12046,0
12047,0
12048,1
12049,0
12050,0
12051,0
12052,0
12053,0
12054,0
12055,0
12056,1
12057,0
12058,1
12059,0
12060,0
12061,0
12062,1
12063,0
12064,1
12065,0
12066,0
12067,1
12068,0
12069,0
12070,0
12071,0
12072,1
12073,0
12074,0
12075,0
12076,0
12077,0
12078,0
12079,0
12080,0
12081,0
12082,0
12083,1
12084,0
12085,0
12086,0
12087,1
12088,0
12089,0
12090,0
12091,0
12092,0
12093,1
12094,1
12095,0
12096,1
12097,0
12098,0
12099,0
12100,0
12101,0
12102,1
12103,1
12104,0
12105,1
12106,0
12107,0
12108,0
12109,0
12110,0
12111,1
12112,0
12113,0
12114,0
12115,0
12116,1
12117,0
12118,0
12119,1
12120,0
12121,0
12122,1
12123,0
12124,0
12125,0
12126,0
12127,0
12128,0
12129,1
12130,0
12131,0
12132,0
12133,0
12134,1
12135,0
12136,0
12137,0
12138,0
12139,0
12140,1
12141,1
12142,0
12143,1
12144,0
12145,0
12146,0
12147,0
12148,0
12149,0
12150,1
12151,0
12152,0
12153,0
12154,1
12155,0
12156,0
12157,0
12158,0
12159,1
12160,1
12161,1
12162,0
12163,0
12164,0
12165,0
12166,0
12167,0
12168,0
12169,0
12170,0
12171,1
12172,0
12173,0
12174,0
12175,0
12176,1
12177,1
12178,0
12179,0
12180,0
12181,0
12182,0
12183,0
12184,1
12185,1
12186,0
12187,0
12188,0
12189,0
12190,0
12191,0
12192,0
12193,0
12194,0
12195,0
12196,1
12197,1
12198,0
12199,0
12200,0
12201,1
12202,0
12203,0
12204,0
12205,1
12206,0
12207,0
12208,0
12209,0
12210,0
12211,0
12212,0
12213,0
12214,1
12215,0
12216,0
12217,0
12218,0
12219,0
12220,0
12221,1
12222,0
12223,0
12224,0
12225,0
12226,0
12227,0
12228,0
12229,0
12230,1
12231,0
12232,1
12233,0
12234,0
12235,1
12236,0
12237,0
12238,0
12239,0
12240,0
12241,1
12242,0
12243,0
12244,0
12245,0
12246,0
12247,0
12248,0
12249,1
12250,0
12251,0
12252,0
12253,0
12254,0
12255,0
12256,0
12257,0
12258,0
12259,1
12260,0
12261,1
12262,0
12263,0
12264,0
12265,0
12266,1
12267,0
12268,0
12269,1
12270,0
12271,0
12272,0
12273,0
12274,1
12275,0
12276,0
12277,0
12278,0
12279,0
12280,1
12281,0
12282,0
12283,0
12284,0
12285,0
12286,1
12287,0
12288,0
12289,1
12290,0
12291,0
12292,0
12293,0
12294,0
12295,0
12296,0
12297,1
12298,0
12299,0
12300,0
12301,0
12302,0
12303,0
12304,0
12305,1
12306,1
12307,0
12308,0
12309,0
12310,1
12311,0
12312,0
12313,0
12314,0
12315,0
12316,0
12317,0
12318,0
12319,0
12320,0
12321,0
12322,0
12323,1
12324,0
12325,0
12326,0
12327,0
12328,0
12329,0
12330,0
12331,0
12332,0
12333,1
12334,0
12335,0
12336,0
12337,0
12338,0
12339,0
12340,0
12341,0
12342,1
12343,0
12344,1
12345,0
12346,0
12347,0
12348,0
12349,0
12350,0
12351,0
12352,0
12353,0
12354,1
12355,0
12356,0
12357,1
12358,0
12359,0
12360,1
12361,0
12362,0
12363,1
12364,0
12365,0
12366,0
12367,0
12368,0
12369,0
12370,0
12371,0
12372,0
12373,0
12374,0
12375,0
12376,0
12377,0
12378,0
12379,0
12380,1
12381,1
12382,0
12383,0
12384,0
12385,0
12386,0
12387,0
12388,0
12389,0
12390,1
12391,0
12392,0
12393,0
12394,0
12395,0
12396,0
12397,0
12398,0
12399,0
12400,0
12401,0
12402,0
12403,1
12404,0
12405,0
12406,0
12407,0
12408,0
12409,0
12410,0
12411,1
12412,0
12413,1
12414,0
12415,0
12416,1
12417,1
12418,0
12419,0
12420,0
12421,0
12422,1
12423,0
12424,0
12425,0
12426,1
12427,0
12428,0
12429,0
12430,0
12431,0
12432,0
12433,0
12434,0
12435,0
12436,1
12437,0
12438,0
12439,0
12440,0
12441,0
12442,0
12443,1
12444,1
12445,0
12446,0
12447,1
12448,0
12449,1
12450,0
12451,1
12452,0
12453,1
12454,0
12455,0
12456,0
12457,0
12458,0
12459,1
12460,0
12461,0
12462,0
12463,1
12464,0
12465,0
12466,0
12467,1
12468,0
12469,0
12470,0
12471,0
12472,0
12473,0
12474,0
12475,0
12476,0
12477,1
12478,1
12479,0
12480,0
12481,1
12482,0
12483,0
12484,0
12485,1
12486,0
12487,0
12488,0
12489,0
12490,0
12491,1
12492,0
12493,0
12494,0
12495,1
12496,0
12497,0
12498,0
12499,0
12500,0
12501,0
12502,0
12503,0
12504,0
12505,1
12506,0
12507,1
12508,0
12509,0
12510,1
12511,0
12512,1
12513,0
12514,0
12515,0
12516,0
12517,0
12518,0
12519,1
12520,0
12521,1
12522,0
12523,0
12524,0
12525,0
12526,0
12527,0
12528,1
12529,1
12530,0
12531,0
12532,0
12533,0
12534,0
12535,0
12536,0
12537,1
12538,0
12539,0
12540,0
12541,0
12542,0
12543,0
12544,0
12545,0
12546,0
12547,0
12548,0
12549,0
12550,1
12551,0
12552,1
12553,0
12554,0
12555,1
12556,0
12557,0
12558,0
12559,0
12560,1
12561,0
12562,0
12563,0
12564,0
12565,0
12566,0
12567,0
12568,1
12569,0
12570,0
12571,0
12572,1
12573,0
12574,0
12575,1
12576,0
12577,0
12578,0
12579,0
12580,1
12581,0
12582,0
12583,0
12584,1
12585,0
12586,0
12587,0
12588,0
12589,1
12590,0
12591,0
12592,1
12593,0
12594,0
12595,0
12596,0
12597,1
12598,0
12599,0
12600,0
12601,0
12602,1
12603,0
12604,0
12605,0
12606,1
12607,0
12608,1
12609,0
12610,0
12611,0
12612,0
12613,0
12614,0
12615,0
12616,0
12617,0
12618,0
12619,0
12620,1
12621,1
12622,1
12623,1
12624,1
12625,0
12626,0
12627,0
12628,0
12629,0
12630,1
12631,1
12632,1
12633,0
12634,0
12635,0
12636,1
12637,0
12638,0
12639,0
12640,1
12641,1
12642,0
12643,0
12644,1
12645,0
12646,0
12647,0
12648,0
12649,0
12650,0
12651,0
12652,0
12653,0
12654,0
12655,1
12656,0
12657,1
12658,0
12659,1
12660,0
12661,0
12662,0
12663,0
12664,0
12665,0
12666,0
12667,1
12668,0
12669,0
12670,0
12671,0
12672,0
12673,0
12674,0
12675,1
12676,0
12677,0
12678,1
12679,0
12680,0
12681,0
12682,0
12683,1
12684,1
12685,1
12686,1
12687,0
12688,0
12689,1
12690,0
12691,0
12692,1
12693,0
12694,0
12695,1
12696,0
12697,0
12698,0
12699,0
12700,0
12701,0
12702,0
12703,0
12704,0
12705,0
12706,0
12707,1
12708,0
12709,0
12710,0
12711,0
12712,0
12713,0
12714,0
12715,1
12716,1
12717,0
12718,0
12719,0
12720,0
12721,0
12722,1
12723,0
12724,0
12725,0
12726,1
12727,0
12728,1
12729,0
12730,1
12731,0
12732,0
12733,0
12734,0
12735,0
12736,0
12737,1
12738,0
12739,0
12740,0
12741,0
12742,0
12743,0
12744,1
12745,0
12746,0
12747,0
12748,1
12749,1
12750,0
12751,0
12752,0
12753,1
12754,0
12755,0
12756,0
12757,0
12758,1
12759,0
12760,1
12761,1
12762,0
12763,1
12764,0
12765,1
12766,0
12767,0
12768,1
12769,0
12770,0
12771,0
12772,0
12773,0
12774,0
12775,1
12776,0
12777,0
12778,0
12779,1
12780,0
12781,0
12782,0
12783,0
12784,0
12785,0
12786,0
12787,0
12788,1
12789,0
12790,0
12791,0
12792,0
12793,0
12794,0
12795,0
12796,1
12797,0
12798,0
12799,0
12800,1
12801,0
12802,0
12803,0
12804,0
12805,0
12806,0
12807,0
12808,1
12809,0
12810,1
12811,0
12812,0
12813,1
12814,0
12815,0
12816,1
12817,0
12818,0
12819,0
12820,0
12821,0
12822,0
12823,0
12824,0
12825,0
12826,0
12827,0
12828,0
12829,0
12830,0
12831,0
12832,0
12833,0
12834,0
12835,0
12836,0
12837,0
12838,0
12839,0
12840,0
12841,0
12842,0
12843,0
12844,0
12845,0
12846,0
12847,0
12848,0
12849,0
12850,0
12851,0
12852,0
12853,1
12854,0
12855,0
12856,0
12857,0
12858,0
12859,0
12860,0
12861,1
12862,1
12863,0
12864,0
12865,0
12866,0
12867,0
12868,0
12869,0
12870,0
12871,0
12872,0
12873,1
12874,0
12875,0
12876,0
12877,1
12878,0
12879,0
12880,0
12881,0
12882,0
12883,0
12884,0
12885,0
12886,1
12887,0
12888,0
12889,0
12890,0
12891,1
12892,0
12893,0
12894,0
12895,1
12896,0
12897,0
12898,1
12899,0
12900,0
12901,0
12902,1
12903,0
12904,0
12905,1
12906,0
12907,0
12908,0
12909,1
12910,0
12911,1
12912,0
12913,0
12914,0
12915,0
12916,0
12917,1
12918,0
12919,0
12920,0
12921,0
12922,0
12923,0
12924,0
12925,0
12926,1
12927,0
12928,0
12929,0
12930,0
12931,0
12932,0
12933,1
12934,0
12935,0
12936,0
12937,1
12938,0
12939,0
12940,0
12941,0
12942,0
12943,0
12944,0
12945,0
12946,0
12947,0
12948,0
12949,0
12950,0
12951,1
12952,1
12953,0
12954,0
12955,1
12956,0
12957,0
12958,1
12959,0
12960,0
12961,0
12962,0
12963,0
12964,1
12965,0
12966,1
12967,1
12968,0
12969,0
12970,1
12971,1
12972,0
12973,1
12974,0
12975,0
12976,0
12977,0
12978,0
12979,0
12980,0
12981,0
12982,0
12983,0
12984,0
12985,1
12986,0
12987,1
12988,0
12989,0
12990,1
12991,1
12992,0
12993,1
12994,0
12995,0
12996,0
12997,1
12998,1
12999,0
13000,0
13001,0
13002,0
13003,0
13004,1
13005,1
13006,0
13007,1
13008,1
13009,0
13010,0
13011,0
13012,1
13013,0
13014,0
13015,0
13016,0
13017,0
13018,0
13019,0
13020,0
13021,1
13022,0
13023,0
13024,0
13025,0
13026,0
13027,0
13028,0
13029,0
13030,0
13031,0
13032,1
13033,0
13034,0
13035,0
13036,1
13037,0
13038,1
13039,0
13040,0
13041,0
13042,0
13043,0
13044,0
13045,0
13046,0
13047,0
13048,1
13049,0
13050,1
13051,0
13052,0
13053,0
13054,1
13055,0
13056,0
13057,0
13058,0
13059,1
13060,1
13061,1
13062,0
13063,0
13064,0
13065,0
13066,0
13067,0
13068,0
13069,0
13070,0
13071,0
13072,0
13073,1
13074,0
13075,0
13076,0
13077,0
13078,0
13079,0
13080,1
13081,1
13082,0
13083,0
13084,0
13085,0
13086,0
13087,0
13088,0
13089,0
13090,0
13091,0
13092,0
13093,0
13094,0
13095,0
13096,1
13097,0
13098,0
13099,0
13100,1
13101,0
13102,0
13103,1
13104,0
13105,1
13106,0
13107,0
13108,1
13109,1
13110,0
13111,0
13112,0
13113,0
13114,0
13115,0
13116,0
13117,1
13118,1
13119,0
13120,0
13121,1
13122,0
13123,0
13124,0
13125,0
13126,1
13127,0
13128,0
13129,0
13130,0
13131,0
13132,0
13133,0
13134,0
13135,0
13136,0
13137,1
13138,0
13139,0
13140,0
13141,1
13142,0
13143,0
13144,0
13145,0
13146,0
13147,0
13148,0
13149,0
13150,0
13151,0
13152,0
13153,1
13154,0
13155,0
13156,1
13157,0
13158,0
13159,1
13160,0
13161,0
13162,0
13163,0
13164,1
13165,0
13166,0
13167,1
13168,1
13169,0
13170,0
13171,0
13172,0
13173,0
13174,0
13175,1
13176,0
13177,1
13178,0
13179,0
13180,0
13181,0
13182,0
13183,1
13184,0
13185,1
13186,0
13187,1
13188,0
13189,0
13190,0
13191,1
13192,0
13193,0
13194,0
13195,0
13196,1
13197,0
13198,0
13199,0
13200,0
13201,0
13202,1
13203,0
13204,1
13205,0
13206,0
13207,1
13208,0
13209,0
13210,0
13211,1
13212,0
13213,0
13214,0
13215,0
13216,1
13217,1
13218,0
13219,0
13220,0
13221,0
13222,0
13223,1
13224,0
13225,0
13226,0
13227,0
13228,0
13229,0
13230,0
13231,0
13232,0
13233,0
13234,0
13235,0
13236,1
13237,0
13238,0
13239,0
13240,0
13241,0
13242,0
13243,0
13244,0
13245,0
13246,0
13247,0
13248,0
13249,1
13250,1
13251,0
13252,0
13253,0
13254,0
13255,1
13256,0
13257,1
13258,0
13259,0
13260,0
13261,1
13262,0
13263,0
13264,0
13265,0
13266,0
13267,0
13268,0
13269,0
13270,0
13271,0
13272,0
13273,0
13274,0
13275,1
13276,0
13277,0
13278,1
13279,0
13280,0
13281,0
13282,0
13283,0
13284,0
13285,1
13286,0
13287,0
13288,0
13289,0
13290,0
13291,0
13292,0
13293,0
13294,0
13295,1
13296,0
13297,1
13298,0
13299,0
13300,0
13301,0
13302,0
13303,0
13304,0
13305,0
13306,1
13307,0
13308,0
13309,0
13310,0
13311,0
13312,1
13313,0
13314,0
13315,0
13316,0
13317,0
13318,0
13319,0
13320,1
13321,1
13322,0
13323,0
13324,1
13325,0
13326,0
13327,0
13328,0
13329,0
13330,1
13331,0
13332,1
13333,1
13334,0
13335,0
13336,0
13337,0
13338,0
13339,0
13340,1
13341,1
13342,0
13343,0
13344,1
13345,0
13346,0
13347,0
13348,0
13349,0
13350,0
13351,0
13352,1
13353,0
13354,0
13355,0
13356,0
13357,0
13358,0
13359,0
13360,0
13361,0
13362,0
13363,0
13364,0
13365,0
13366,0
13367,0
13368,0
13369,1
13370,0
13371,0
13372,0
13373,0
13374,0
13375,0
13376,0
13377,0
13378,0
13379,0
13380,0
13381,0
13382,0
13383,1
13384,0
13385,0
13386,1
13387,0
13388,0
13389,1
13390,0
13391,0
13392,0
13393,1
13394,0
13395,1
13396,1
13397,0
13398,0
13399,1
13400,1
13401,0
13402,0
13403,0
13404,0
13405,1
13406,0
13407,1
13408,1
13409,1
13410,0
13411,0
13412,1
13413,1
13414,0
13415,0
13416,0
13417,0
13418,1
13419,0
13420,1
13421,0
13422,1
13423,0
13424,0
13425,0
13426,0
13427,0
13428,0
13429,0
13430,0
13431,0
13432,0
13433,1
13434,0
13435,0
13436,0
13437,0
13438,0
13439,1
13440,0
13441,0
13442,0
13443,0
13444,0
13445,0
13446,0
13447,0
13448,1
13449,0
13450,0
13451,0
13452,0
13453,0
13454,0
13455,0
13456,1
13457,0
13458,1
13459,0
13460,0
13461,0
13462,1
13463,0
13464,0
13465,1
13466,0
13467,0
13468,0
13469,0
13470,0
13471,0
13472,1
13473,0
13474,0
13475,0
13476,0
13477,0
13478,1
13479,1
13480,1
13481,0
13482,0
13483,0
13484,0
13485,0
13486,0
13487,0
13488,0
13489,0
13490,1
13491,0
13492,0
13493,1
13494,0
13495,0
13496,1
13497,0
13498,0
13499,1
13500,0
13501,0
13502,0
13503,0
13504,0
13505,1
13506,0
13507,0
13508,0
13509,1
13510,1
13511,0
13512,0
13513,0
13514,0
13515,0
13516,0
13517,0
13518,0
13519,1
13520,0
13521,0
13522,0
13523,0
13524,1
13525,0
13526,0
13527,0
13528,0
13529,0
13530,0
13531,0
13532,1
13533,0
13534,0
13535,0
13536,1
13537,0
13538,0
13539,1
13540,1
13541,0
13542,0
13543,0
13544,0
13545,0
13546,1
13547,0
13548,0
13549,0
13550,0
13551,0
13552,0
13553,0
13554,0
13555,0
13556,0
13557,0
13558,0
13559,0
13560,0
13561,0
13562,0
13563,1
13564,0
13565,0
13566,0
13567,1
13568,0
13569,0
13570,1
13571,0
13572,0
13573,0
13574,1
13575,0
13576,0
13577,0
13578,0
13579,0
13580,1
13581,0
13582,1
13583,0
13584,0
13585,0
13586,1
13587,0
13588,1
13589,1
13590,0
13591,0
13592,0
13593,1
13594,1
13595,0
13596,0
13597,0
13598,0
13599,0
13600,0
13601,1
13602,0
13603,1
13604,0
13605,0
13606,1
13607,0
13608,0
13609,1
13610,0
13611,0
13612,1
13613,0
13614,0
13615,0
13616,0
13617,0
13618,1
13619,0
13620,0
13621,0
13622,1
13623,0
13624,0
13625,1
13626,0
13627,0
13628,0
13629,0
13630,0
13631,0
13632,0
13633,0
13634,1
13635,0
13636,0
13637,0
13638,1
13639,0
13640,0
13641,0
13642,1
13643,0
13644,0
13645,0
13646,0
13647,0
13648,0
13649,1
13650,0
13651,1
13652,0
13653,1
13654,1
13655,0
13656,0
13657,0
13658,0
13659,0
13660,0
13661,1
13662,1
13663,1
13664,1
13665,0
13666,0
13667,0
13668,1
13669,0
13670,0
13671,0
13672,0
13673,1
13674,0
13675,1
13676,0
13677,1
13678,0
13679,0
13680,0
13681,0
13682,0
13683,0
13684,1
13685,1
13686,0
13687,1
13688,0
13689,0
13690,0
13691,1
13692,0
13693,0
13694,0
13695,1
13696,0
13697,0
13698,0
13699,0
13700,1
13701,0
13702,0
13703,0
13704,1
13705,0
13706,0
13707,0
13708,1
13709,1
13710,0
13711,0
13712,0
13713,0
13714,0
13715,0
13716,1
13717,0
13718,0
13719,0
13720,0
13721,1
13722,0
13723,0
13724,1
13725,1
13726,0
13727,0
13728,0
13729,0
13730,0
13731,0
13732,0
13733,0
13734,0
13735,1
13736,0
13737,0
13738,0
13739,0
13740,1
13741,0
13742,0
13743,0
13744,0
13745,0
13746,0
13747,0
13748,0
13749,0
13750,0
13751,0
13752,1
13753,0
13754,0
13755,0
13756,0
13757,0
13758,1
13759,0
13760,0
13761,0
13762,0
13763,0
13764,0
13765,0
13766,0
13767,0
13768,0
13769,0
13770,0
13771,0
13772,0
13773,0
13774,0
13775,1
13776,0
13777,0
13778,1
13779,0
13780,0
13781,0
13782,0
13783,0
13784,0
13785,0
13786,0
13787,0
13788,1
13789,1
13790,1
13791,1
13792,0
13793,0
13794,0
13795,0
13796,0
13797,1
13798,0
13799,0
13800,0
13801,0
13802,0
13803,0
13804,0
13805,0
13806,0
13807,0
13808,0
13809,1
13810,0
13811,0
13812,1
13813,1
13814,1
13815,0
13816,0
13817,1
13818,0
13819,0
13820,0
13821,0
13822,0
13823,0
13824,0
13825,1
13826,0
13827,1
13828,1
13829,0
13830,0
13831,0
13832,0
13833,0
13834,1
13835,0
13836,1
13837,1
13838,0
13839,0
13840,0
13841,0
13842,0
13843,0
13844,0
13845,0
13846,0
13847,0
13848,1
13849,1
13850,1
13851,0
13852,0
13853,0
13854,1
13855,0
13856,0
13857,0
13858,1
13859,0
13860,0
13861,0
13862,1
13863,0
13864,0
13865,0
13866,0
13867,0
13868,0
13869,0
13870,0
13871,0
13872,0
13873,0
13874,0
13875,0
13876,0
13877,0
13878,1
13879,0
13880,0
13881,0
13882,1
13883,1
13884,0
13885,0
13886,0
13887,0
13888,0
13889,1
13890,1
13891,1
13892,0
13893,0
13894,0
13895,0
13896,0
13897,0
13898,0
13899,0
13900,0
13901,0
13902,0
13903,0
13904,0
13905,1
13906,0
13907,0
13908,0
13909,0
13910,0
13911,0
13912,0
13913,0
13914,1
13915,0
13916,0
13917,1
13918,0
13919,1
13920,0
13921,0
13922,0
13923,0
13924,0
13925,0
13926,0
13927,0
13928,1
13929,0
13930,0
13931,0
13932,0
13933,0
13934,0
13935,0
13936,0
13937,1
13938,1
13939,0
13940,0
13941,0
13942,1
13943,0
13944,0
13945,0
13946,1
13947,0
13948,0
13949,1
13950,0
13951,0
13952,0
13953,0
13954,0
13955,0
13956,0
13957,0
13958,0
13959,0
13960,0
13961,0
13962,0
13963,0
13964,0
13965,0
13966,0
13967,0
13968,1
13969,1
13970,0
13971,0
13972,0
13973,1
13974,0
13975,0
13976,0
13977,0
13978,1
13979,0
13980,0
13981,0
13982,0
13983,0
13984,0
13985,1
13986,0
13987,0
13988,0
13989,0
13990,1
13991,1
13992,0
13993,0
13994,0
13995,0
13996,1
13997,0
13998,0
13999,1
14000,0
14001,0
14002,0
14003,0
14004,0
14005,0
14006,0
14007,0
14008,0
14009,1
14010,0
14011,0
14012,0
14013,0
14014,1
14015,0
14016,1
14017,1
14018,0
14019,0
14020,0
14021,1
14022,0
14023,0
14024,0
14025,0
14026,0
14027,0
14028,0
14029,0
14030,0
14031,0
14032,0
14033,1
14034,0
14035,1
14036,0
14037,0
14038,0
14039,1
14040,0
14041,0
14042,1
14043,0
14044,0
14045,1
14046,0
14047,0
14048,0
14049,0
14050,1
14051,0
14052,1
14053,0
14054,0
14055,1
14056,1
14057,0
14058,0
14059,0
14060,0
14061,0
14062,0
14063,0
14064,0
14065,1
14066,0
14067,0
14068,1
14069,0
14070,1
14071,0
14072,0
14073,1
14074,0
14075,0
14076,0
14077,1
14078,1
14079,0
14080,0
14081,0
14082,0
14083,0
14084,0
14085,0
14086,0
14087,0
14088,0
14089,0
14090,0
14091,0
14092,0
14093,0
14094,0
14095,1
14096,0
14097,0
14098,0
14099,0
14100,0
14101,0
14102,0
14103,1
14104,1
14105,0
14106,0
14107,0
14108,0
14109,0
14110,0
14111,0
14112,0
14113,1
14114,0
14115,0
14116,0
14117,0
14118,0
14119,0
14120,0
14121,0
14122,0
14123,1
14124,0
14125,0
14126,0
14127,0
14128,0
14129,1
14130,0
14131,0
14132,0
14133,0
14134,0
14135,0
14136,0
14137,0
14138,0
14139,0
14140,1
14141,0
14142,0
14143,0
14144,0
14145,1
14146,0
14147,1
14148,0
14149,0
14150,0
14151,1
14152,0
14153,0
14154,1
14155,1
14156,0
14157,0
14158,1
14159,0
14160,0
14161,0
14162,0
14163,1
14164,0
14165,0
14166,0
14167,0
14168,0
14169,0
14170,0
14171,1
14172,0
14173,1
14174,1
14175,1
14176,0
14177,0
14178,1
14179,0
14180,0
14181,0
14182,0
14183,0
14184,0
14185,1
14186,0
14187,0
14188,0
14189,0
14190,0
14191,0
14192,0
14193,0
14194,0
14195,0
14196,0
14197,0
14198,0
14199,0
14200,0
14201,0
14202,1
14203,1
14204,0
14205,0
14206,0
14207,0
14208,0
14209,0
14210,0
14211,0
14212,0
14213,0
14214,0
14215,1
14216,0
14217,0
14218,0
14219,0
14220,1
14221,0
14222,0
14223,0
14224,0
14225,0
14226,0
14227,1
14228,1
14229,1
14230,0
14231,1
14232,1
14233,0
14234,0
14235,0
14236,0
14237,0
14238,0
14239,0
14240,0
14241,0
14242,0
14243,0
14244,0
14245,0
14246,0
14247,0
14248,0
14249,0
14250,0
14251,0
14252,0
14253,0
14254,0
14255,0
14256,1
14257,1
14258,0
14259,0
14260,0
14261,0
14262,0
14263,0
14264,0
14265,1
14266,1
14267,0
14268,0
14269,0
14270,0
14271,0
14272,0
14273,0
14274,0
14275,0
14276,0
14277,0
14278,0
14279,1
14280,1
14281,0
14282,0
14283,0
14284,0
14285,0
14286,0
14287,0
14288,0
14289,0
14290,1
14291,0
14292,1
14293,0
14294,0
14295,0
14296,1
14297,0
14298,0
14299,0
14300,0
14301,0
14302,1
14303,1
14304,0
14305,0
14306,0
14307,1
14308,0
14309,1
14310,0
14311,0
14312,0
14313,0
14314,0
14315,0
14316,0
14317,0
14318,0
14319,0
14320,0
14321,0
14322,0
14323,0
14324,1
14325,0
14326,1
14327,1
14328,1
14329,0
14330,0
14331,0
14332,1
14333,0
14334,1
14335,1
14336,0
14337,1
14338,0
14339,0
14340,0
14341,0
14342,0
14343,0
14344,0
14345,0
14346,1
14347,0
14348,1
14349,1
14350,0
14351,0
14352,1
14353,0
14354,0
14355,0
14356,0
14357,0
14358,0
14359,0
14360,1
14361,0
14362,1
14363,0
14364,0
14365,0
14366,0
14367,0
14368,0
14369,0
14370,0
14371,0
14372,0
14373,0
14374,0
14375,1
14376,0
14377,0
14378,0
14379,1
14380,0
14381,0
14382,0
14383,0
14384,0
14385,0
14386,0
14387,0
14388,0
14389,1
14390,0
14391,0
14392,0
14393,0
14394,0
14395,0
14396,1
14397,0
14398,1
14399,0
14400,0
14401,0
14402,0
14403,0
14404,0
14405,0
14406,1
14407,1
14408,0
14409,0
14410,0
14411,0
14412,1
14413,0
14414,0
14415,0
14416,0
14417,0
14418,0
14419,0
14420,0
14421,0
14422,1
14423,0
14424,0
14425,0
14426,0
14427,0
14428,0
14429,0
14430,0
14431,0
14432,1
14433,0
14434,0
14435,0
14436,0
14437,0
14438,0
14439,0
14440,0
14441,0
14442,1
14443,0
14444,0
14445,0
14446,0
14447,0
14448,0
14449,0
14450,0
14451,0
14452,0
14453,0
14454,0
14455,0
14456,0
14457,1
14458,0
14459,0
14460,0
14461,0
14462,0
14463,0
14464,0
14465,0
14466,0
14467,1
14468,0
14469,0
14470,0
14471,0
14472,0
14473,0
14474,1
14475,0
14476,0
14477,0
14478,1
14479,1
14480,0
14481,0
14482,1
14483,0
14484,0
14485,1
14486,0
14487,1
14488,0
14489,0
14490,0
14491,0
14492,1
14493,0
14494,0
14495,0
14496,1
14497,0
14498,0
14499,1
14500,0
14501,0
14502,0
14503,0
14504,0
14505,1
14506,0
14507,0
14508,0
14509,0
14510,1
14511,0
14512,0
14513,0
14514,0
14515,0
14516,0
14517,0
14518,0
14519,0
14520,0
14521,0
14522,1
14523,1
14524,1
14525,0
14526,1
14527,0
14528,0
14529,0
14530,0
14531,1
14532,0
14533,0
14534,0
14535,0
14536,1
14537,0
14538,0
14539,1
14540,0
14541,1
14542,0
14543,0
14544,0
14545,1
14546,0
14547,0
14548,0
14549,0
14550,0
14551,1
14552,0
14553,1
14554,0
14555,0
14556,0
14557,0
14558,0
14559,0
14560,0
14561,0
14562,0
14563,0
14564,0
14565,1
14566,0
14567,0
14568,0
14569,0
14570,0
14571,0
14572,0
14573,0
14574,1
14575,0
14576,0
14577,0
14578,0
14579,0
14580,0
14581,0
14582,0
14583,0
14584,0
14585,0
14586,0
14587,1
14588,0
14589,0
14590,0
14591,1
14592,0
14593,0
14594,0
14595,1
14596,0
14597,0
14598,0
14599,0
14600,0
14601,0
14602,0
14603,0
14604,0
14605,0
14606,0
14607,1
14608,1
14609,0
14610,0
14611,1
14612,1
14613,0
14614,0
14615,1
14616,1
14617,0
14618,0
14619,1
14620,0
14621,1
14622,0
14623,0
14624,0
14625,1
14626,0
14627,0
14628,0
14629,0
14630,0
14631,1
14632,0
14633,0
14634,0
14635,1
14636,0
14637,0
14638,0
14639,0
14640,1
14641,1
14642,1
14643,0
14644,0
14645,0
14646,0
14647,1
14648,1
14649,1
14650,0
14651,0
14652,1
14653,0
14654,1
14655,1
14656,1
14657,0
14658,0
14659,0
14660,0
14661,0
14662,0
14663,0
14664,0
14665,0
14666,1
14667,0
14668,0
14669,0
14670,0
14671,1
14672,1
14673,1
14674,0
14675,1
14676,0
14677,1
14678,0
14679,0
14680,1
14681,1
14682,0
14683,0
14684,0
14685,0
14686,0
14687,0
14688,0
14689,0
14690,0
14691,0
14692,0
14693,0
14694,0
14695,0
14696,0
14697,0
14698,0
14699,0
14700,0
14701,1
14702,0
14703,0
14704,0
14705,0
14706,0
14707,0
14708,0
14709,0
14710,0
14711,0
14712,0
14713,1
14714,0
14715,0
14716,0
14717,0
14718,0
14719,0
14720,0
14721,0
14722,0
14723,0
14724,0
14725,0
14726,0
14727,0
14728,0
14729,0
14730,0
14731,0
14732,0
14733,0
14734,1
14735,0
14736,1
14737,0
14738,0
14739,0
14740,0
14741,0
14742,0
14743,0
14744,0
14745,0
14746,0
14747,1
14748,1
14749,1
14750,0
14751,0
14752,0
14753,0
14754,0
14755,0
14756,0
14757,0
14758,0
14759,1
14760,0
14761,0
14762,1
14763,0
14764,1
14765,0
14766,1
14767,0
14768,0
14769,0
14770,1
14771,0
14772,0
14773,0
14774,1
14775,0
14776,0
14777,0
14778,0
14779,0
14780,0
14781,0
14782,0
14783,0
14784,1
14785,0
14786,1
14787,0
14788,1
14789,0
14790,0
14791,0
14792,0
14793,0
14794,1
14795,0
14796,1
14797,1
14798,0
14799,0
14800,1
14801,0
14802,0
14803,0
14804,1
14805,0
14806,0
14807,0
14808,0
14809,0
14810,0
14811,0
14812,1
14813,0
14814,1
14815,0
14816,0
14817,0
14818,0
14819,0
14820,1
14821,0
14822,0
14823,0
14824,1
14825,0
14826,0
14827,0
14828,1
14829,0
14830,0
14831,0
14832,0
14833,0
14834,0
14835,0
14836,0
14837,0
14838,0
14839,0
14840,0
14841,0
14842,1
14843,1
14844,1
14845,0
14846,0
14847,0
14848,0
14849,0
14850,0
14851,0
14852,1
14853,0
14854,0
14855,0
14856,0
14857,0
14858,1
14859,0
14860,0
14861,0
14862,0
14863,0
14864,0
14865,0
14866,0
14867,1
14868,0
14869,0
14870,0
14871,0
14872,0
14873,0
14874,0
14875,0
14876,0
14877,0
14878,1
14879,0
14880,0
14881,0
14882,0
14883,0
14884,1
14885,1
14886,0
14887,0
14888,0
14889,0
14890,1
14891,0
14892,1
14893,0
14894,0
14895,0
14896,0
14897,1
14898,0
14899,1
14900,0
14901,0
14902,0
14903,0
14904,0
14905,0
14906,0
14907,0
14908,0
14909,0
14910,0
14911,1
14912,0
14913,1
14914,0
14915,0
14916,1
14917,0
14918,1
14919,1
14920,0
14921,0
14922,0
14923,0
14924,0
14925,0
14926,0
14927,0
14928,0
14929,0
14930,0
14931,1
14932,0
14933,0
14934,1
14935,0
14936,0
14937,0
14938,0
14939,0
14940,0
14941,1
14942,0
14943,1
14944,0
14945,1
14946,0
14947,0
14948,1
14949,0
14950,0
14951,0
14952,0
14953,0
14954,1
14955,0
14956,0
14957,0
14958,0
14959,0
14960,1
14961,0
14962,0
14963,0
14964,0
14965,1
14966,0
14967,0
14968,0
14969,0
14970,1
14971,0
14972,0
14973,0
14974,0
14975,0
14976,0
14977,1
14978,0
14979,0
14980,0
14981,0
14982,0
14983,0
14984,0
14985,0
14986,0
14987,0
14988,0
14989,0
14990,0
14991,0
14992,1
14993,0
14994,0
14995,1
14996,0
14997,0
14998,0
14999,0
15000,1
15001,1
15002,1
15003,0
15004,1
15005,0
15006,0
15007,0
15008,1
15009,0
15010,0
15011,0
15012,0
15013,1
15014,0
15015,0
15016,1
15017,0
15018,0
15019,0
15020,0
15021,0
15022,0
15023,0
15024,0
15025,0
15026,0
15027,0
15028,0
15029,1
15030,0
15031,0
15032,0
15033,0
15034,0
15035,0
15036,0
15037,0
15038,0
15039,1
15040,0
15041,0
15042,0
15043,1
15044,0
15045,1
15046,0
15047,0
15048,0
15049,0
15050,1
15051,0
15052,0
15053,0
15054,0
15055,0
15056,0
15057,0
15058,0
15059,0
15060,0
15061,1
15062,0
15063,1
15064,0
15065,0
15066,0
15067,0
15068,0
15069,0
15070,0
15071,1
15072,0
15073,0
15074,0
15075,0
15076,0
15077,0
15078,0
15079,1
15080,1
15081,0
15082,0
15083,0
15084,0
15085,0
15086,0
15087,1
15088,1
15089,0
15090,0
15091,0
15092,0
15093,1
15094,0
15095,0
15096,0
15097,0
15098,0
15099,0
15100,0
15101,1
15102,0
15103,0
15104,0
15105,0
15106,0
15107,1
15108,1
15109,0
15110,1
15111,0
15112,0
15113,0
15114,0
15115,0
15116,0
15117,0
15118,0
15119,1
15120,0
15121,0
15122,1
15123,0
15124,0
15125,0
15126,0
15127,1
15128,1
15129,0
15130,0
15131,0
15132,0
15133,1
15134,0
15135,1
15136,0
15137,1
15138,0
15139,1
15140,0
15141,0
15142,0
15143,0
15144,0
15145,0
15146,0
15147,1
15148,0
15149,1
15150,0
15151,0
15152,0
15153,0
15154,0
15155,0
15156,0
15157,0
15158,0
15159,0
15160,1
15161,0
15162,0
15163,0
15164,0
15165,0
15166,0
15167,0
15168,1
15169,0
15170,0
15171,0
15172,0
15173,0
15174,1
15175,0
15176,0
15177,0
15178,0
15179,0
15180,0
15181,1
15182,0
15183,1
15184,0
15185,0
15186,0
15187,0
15188,0
15189,0
15190,0
15191,0
15192,1
15193,1
15194,0
15195,0
15196,0
15197,0
15198,0
15199,1
15200,1
15201,0
15202,0
15203,0
15204,0
15205,0
15206,0
15207,0
15208,1
15209,0
15210,0
15211,0
15212,0
15213,0
15214,0
15215,0
15216,0
15217,0
15218,0
15219,1
15220,0
15221,0
15222,0
15223,0
15224,0
15225,0
15226,0
15227,0
15228,0
15229,0
15230,0
15231,1
15232,1
15233,0
15234,0
15235,0
15236,1
15237,0
15238,0
15239,0
15240,0
15241,0
15242,0
15243,0
15244,0
15245,0
15246,0
15247,0
15248,1
15249,0
15250,0
15251,0
15252,1
15253,0
15254,1
15255,1
15256,1
15257,0
15258,0
15259,0
15260,0
15261,0
15262,0
15263,0
15264,0
15265,0
15266,0
15267,0
15268,0
15269,0
15270,0
15271,0
15272,0
15273,0
15274,1
15275,0
15276,0
15277,0
15278,0
15279,0
15280,1
15281,0
15282,0
15283,1
15284,0
15285,0
15286,0
15287,0
15288,0
15289,0
15290,1
15291,1
15292,0
15293,0
15294,0
15295,1
15296,1
15297,1
15298,0
15299,0
15300,0
15301,0
15302,0
15303,0
15304,0
15305,0
15306,0
15307,0
15308,0
15309,0
15310,0
15311,0
15312,0
15313,0
15314,0
15315,0
15316,0
15317,0
15318,0
15319,0
15320,1
15321,0
15322,0
15323,0
15324,0
15325,1
15326,0
15327,1
15328,0
15329,0
15330,0
15331,0
15332,0
15333,0
15334,0
15335,0
15336,0
15337,1
15338,0
15339,0
15340,1
15341,0
15342,0
15343,0
15344,1
15345,0
15346,0
15347,0
15348,1
15349,0
15350,0
15351,1
15352,1
15353,0
15354,1
15355,1
15356,1
15357,1
15358,0
15359,0
15360,1
15361,0
15362,1
15363,0
15364,0
15365,0
15366,0
15367,1
15368,0
15369,0
15370,1
15371,1
15372,0
15373,1
15374,0
15375,0
15376,1
15377,0
15378,0
15379,0
15380,1
15381,0
15382,0
15383,1
15384,0
15385,0
15386,0
15387,1
15388,0
15389,0
15390,0
15391,0
15392,0
15393,0
15394,0
15395,0
15396,0
15397,0
15398,0
15399,0
15400,0
15401,0
15402,1
15403,0
15404,1
15405,0
15406,0
15407,1
15408,1
15409,0
15410,1
15411,1
15412,1
15413,0
15414,0
15415,0
15416,1
15417,0
15418,0
15419,1
15420,0
15421,0
15422,1
15423,0
15424,0
15425,0
15426,0
15427,0
15428,0
15429,0
15430,0
15431,0
15432,0
15433,0
15434,0
15435,0
15436,0
15437,1
15438,0
15439,1
15440,0
15441,0
15442,0
15443,0
15444,0
15445,1
15446,0
15447,1
15448,0
15449,0
15450,1
15451,1
15452,0
15453,0
15454,0
15455,0
15456,0
15457,0
15458,0
15459,1
15460,0
15461,0
15462,1
15463,0
15464,1
15465,0
15466,1
15467,0
15468,0
15469,0
15470,0
15471,1
15472,0
15473,0
15474,1
15475,0
15476,0
15477,1
15478,0
15479,0
15480,0
15481,0
15482,0
15483,0
15484,0
15485,0
15486,0
15487,0
15488,0
15489,0
15490,0
15491,0
15492,1
15493,0
15494,0
15495,0
15496,0
15497,0
15498,1
15499,0
15500,0
15501,0
15502,0
15503,0
15504,0
15505,0
15506,0
15507,0
15508,0
15509,0
15510,0
15511,0
15512,0
15513,0
15514,0
15515,0
15516,0
15517,0
15518,0
15519,0
15520,0
15521,0
15522,0
15523,0
15524,0
15525,1
15526,1
15527,1
15528,0
15529,0
15530,0
15531,0
15532,0
15533,0
15534,0
15535,0
15536,0
15537,0
15538,0
15539,1
15540,1
15541,1
15542,0
15543,0
15544,1
15545,0
15546,0
15547,1
15548,0
15549,0
15550,0
15551,1
15552,1
15553,0
15554,1
15555,1
15556,0
15557,0
15558,0
15559,1
15560,0
15561,1
15562,0
15563,0
15564,0
15565,1
15566,0
15567,0
15568,0
15569,0
15570,1
15571,0
15572,0
15573,0
15574,0
15575,0
15576,0
15577,0
15578,0
15579,0
15580,0
15581,0
15582,0
15583,0
15584,0
15585,0
15586,1
15587,0
15588,0
15589,0
15590,0
15591,0
15592,0
15593,0
15594,1
15595,0
15596,0
15597,0
15598,0
15599,0
15600,1
15601,0
15602,1
15603,0
15604,0
15605,0
15606,0
15607,0
15608,0
15609,0
15610,0
15611,0
15612,0
15613,0
15614,0
15615,0
15616,1
15617,0
15618,1
15619,0
15620,1
15621,1
15622,0
15623,0
15624,0
15625,0
15626,1
15627,1
15628,0
15629,1
15630,0
15631,0
15632,0
15633,0
15634,0
15635,0
15636,1
15637,0
15638,1
15639,0
15640,1
15641,0
15642,1
15643,0
15644,0
15645,0
15646,0
15647,0
15648,1
15649,0
15650,0
15651,1
15652,0
15653,1
15654,0
15655,0
15656,1
15657,0
15658,0
15659,0
15660,0
15661,0
15662,0
15663,0
15664,0
15665,0
15666,0
15667,0
15668,0
15669,0
15670,0
15671,0
15672,0
15673,0
15674,0
15675,0
15676,1
15677,0
15678,1
15679,0
15680,0
15681,0
15682,1
15683,0
15684,0
15685,0
15686,0
15687,0
15688,0
15689,1
15690,0
15691,0
15692,0
15693,0
15694,0
15695,1
15696,0
15697,0
15698,1
15699,0
15700,0
15701,0
15702,0
15703,1
15704,0
15705,1
15706,0
15707,0
15708,0
15709,1
15710,0
15711,0
15712,0
15713,1
15714,0
15715,1
15716,0
15717,1
15718,0
15719,0
15720,1
15721,0
15722,0
15723,0
15724,0
15725,0
15726,0
15727,1
15728,0
15729,1
15730,0
15731,0
15732,0
15733,0
15734,0
15735,1
15736,0
15737,1
15738,0
15739,0
15740,0
15741,0
15742,0
15743,0
15744,0
15745,0
15746,0
15747,0
15748,0
15749,0
15750,0
15751,0
15752,1
15753,0
15754,0
15755,0
15756,0
15757,0
15758,0
15759,0
15760,0
15761,0
15762,0
15763,1
15764,0
15765,0
15766,0
15767,0
15768,1
15769,1
15770,0
15771,0
15772,0
15773,0
15774,1
15775,0
15776,0
15777,1
15778,1
15779,0
15780,0
15781,1
15782,0
15783,0
15784,0
15785,0
15786,0
15787,1
15788,0
15789,0
15790,0
15791,0
15792,0
15793,1
15794,0
15795,0
15796,0
15797,1
15798,0
15799,1
15800,1
15801,0
15802,0
15803,0
15804,0
15805,0
15806,0
15807,0
15808,0
15809,0
15810,0
15811,1
15812,1
15813,0
15814,0
15815,1
15816,0
15817,0
15818,0
15819,0
15820,0
15821,0
15822,0
15823,0
15824,0
15825,0
15826,0
15827,1
15828,0
15829,0
15830,1
15831,1
15832,0
15833,0
15834,1
15835,0
15836,1
15837,0
15838,0
15839,0
15840,1
15841,0
15842,1
15843,0
15844,0
15845,1
15846,0
15847,0
15848,0
15849,0
15850,0
15851,0
15852,0
15853,0
15854,0
15855,1
15856,0
15857,0
15858,0
15859,0
15860,0
15861,0
15862,0
15863,0
15864,1
15865,0
15866,0
15867,0
15868,0
15869,1
15870,0
15871,1
15872,0
15873,0
15874,0
15875,0
15876,0
15877,1
15878,1
15879,1
15880,0
15881,0
15882,1
15883,0
15884,0
15885,1
15886,0
15887,0
15888,0
15889,0
15890,0
15891,1
15892,0
15893,1
15894,0
15895,0
15896,1
15897,1
15898,0
15899,0
15900,0
15901,0
15902,0
15903,0
15904,0
15905,1
15906,0
15907,0
15908,0
15909,0
15910,0
15911,0
15912,0
15913,0
15914,0
15915,0
15916,0
15917,0
15918,0
15919,0
15920,0
15921,0
15922,0
15923,0
15924,0
15925,0
15926,0
15927,0
15928,0
15929,0
15930,0
15931,0
15932,1
15933,0
15934,0
15935,1
15936,0
15937,0
15938,0
15939,0
15940,0
15941,1
15942,0
15943,0
15944,0
15945,0
15946,1
15947,1
15948,0
15949,0
15950,0
15951,0
15952,0
15953,1
15954,0
15955,1
15956,0
15957,0
15958,0
15959,0
15960,1
15961,0
15962,0
15963,1
15964,0
15965,0
15966,0
15967,0
15968,1
15969,1
15970,0
15971,0
15972,0
15973,0
15974,0
15975,0
15976,0
15977,0
15978,1
15979,0
15980,1
15981,1
15982,0
15983,1
15984,0
15985,0
15986,0
15987,0
15988,0
15989,0
15990,0
15991,0
15992,0
15993,0
15994,0
15995,1
15996,1
15997,0
15998,0
15999,0
16000,0
16001,1
16002,0
16003,0
16004,1
16005,0
16006,0
16007,0
16008,0
16009,0
16010,0
16011,1
16012,0
16013,0
16014,0
16015,0
16016,0
16017,0
16018,1
16019,1
16020,0
16021,0
16022,0
16023,0
16024,0
16025,1
16026,0
16027,1
16028,0
16029,0
16030,0
16031,1
16032,0
16033,0
16034,1
16035,0
16036,0
16037,0
16038,0
16039,0
16040,0
16041,1
16042,0
16043,0
16044,0
16045,0
16046,0
16047,0
16048,0
16049,0
16050,0
16051,1
16052,0
16053,0
16054,0
16055,0
16056,1
16057,0
16058,0
16059,0
16060,0
16061,0
16062,1
16063,1
16064,0
16065,0
16066,0
16067,0
16068,1
16069,0
16070,0
16071,0
16072,0
16073,0
16074,1
16075,1
16076,0
16077,0
16078,0
16079,0
16080,0
16081,0
16082,0
16083,0
16084,1
16085,0
16086,0
16087,0
16088,0
16089,0
16090,1
16091,1
16092,0
16093,0
16094,1
16095,1
16096,0
16097,0
16098,0
16099,0
16100,0
16101,0
16102,1
16103,0
16104,0
16105,0
16106,0
16107,0
16108,0
16109,0
16110,1
16111,0
16112,0
16113,0
16114,0
16115,0
16116,0
16117,0
16118,0
16119,0
16120,0
16121,0
16122,1
16123,0
16124,0
16125,0
16126,0
16127,0
16128,0
16129,0
16130,1
16131,0
16132,0
16133,0
16134,0
16135,0
16136,0
16137,0
16138,0
16139,0
16140,0
16141,0
16142,0
16143,1
16144,1
16145,0
16146,0
16147,0
16148,1
16149,0
16150,1
16151,0
16152,0
16153,1
16154,1
16155,0
16156,0
16157,0
16158,0
16159,0
16160,0
16161,0
16162,0
16163,0
16164,0
16165,0
16166,0
16167,1
16168,0
16169,0
16170,0
16171,1
16172,0
16173,1
16174,0
16175,1
16176,1
16177,0
16178,0
16179,0
16180,0
16181,0
16182,0
16183,0
16184,0
16185,0
16186,0
16187,0
16188,0
16189,0
16190,0
16191,0
16192,0
16193,1
16194,0
16195,0
16196,0
16197,0
16198,0
16199,0
16200,0
16201,0
16202,0
16203,0
16204,0
16205,0
16206,0
16207,0
16208,0
16209,0
16210,0
16211,0
16212,0
16213,0
16214,0
16215,0
16216,0
16217,1
16218,0
16219,0
16220,0
16221,0
16222,0
16223,0
16224,1
16225,1
16226,0
16227,1
16228,0
16229,0
16230,0
16231,0
16232,1
16233,0
16234,0
16235,0
16236,0
16237,1
16238,0
16239,0
16240,0
16241,0
16242,0
16243,1
16244,1
16245,1
16246,0
16247,0
16248,0
16249,0
16250,0
16251,0
16252,0
16253,0
16254,1
16255,0
16256,1
16257,0
16258,0
16259,1
16260,0
16261,0
16262,0
16263,0
16264,0
16265,0
16266,0
16267,0
16268,0
16269,0
16270,0
16271,0
16272,0
16273,0
16274,0
16275,0
16276,0
16277,0
16278,0
16279,1
16280,0
16281,0
16282,0
16283,0
16284,0
16285,0
16286,0
16287,0
16288,0
16289,0
16290,0
16291,0
16292,0
16293,0
16294,0
16295,0
16296,1
16297,0
16298,0
16299,0
16300,1
16301,0
16302,1
16303,0
16304,0
16305,0
16306,0
16307,0
16308,0
16309,0
16310,1
16311,1
16312,0
16313,0
16314,0
16315,0
16316,0
16317,1
16318,0
16319,0
16320,0
16321,1
16322,0
16323,0
16324,0
16325,0
16326,0
16327,1
16328,1
16329,0
16330,0
16331,1
16332,0
16333,0
16334,0
16335,1
16336,0
16337,0
16338,0
16339,0
16340,0
16341,0
16342,0
16343,0
16344,0
16345,0
16346,1
16347,1
16348,0
16349,0
16350,0
16351,1
16352,0
16353,0
16354,0
16355,0
16356,0
16357,0
16358,1
16359,0
16360,0
16361,0
16362,0
16363,0
16364,0
16365,0
16366,1
16367,0
16368,0
16369,0
16370,0
16371,0
16372,0
16373,0
16374,0
16375,1
16376,0
16377,0
16378,0
16379,1
16380,0
16381,0
16382,0
16383,0
16384,0
16385,0
16386,0
16387,0
16388,0
16389,0
16390,0
16391,0
16392,0
16393,0
16394,1
16395,0
16396,1
16397,0
16398,0
16399,1
16400,1
16401,1
16402,0
16403,0
16404,0
16405,0
16406,0
16407,0
16408,1
16409,0
16410,0
16411,1
16412,1
16413,1
16414,0
16415,0
16416,0
16417,1
16418,0
16419,0
16420,0
16421,0
16422,0
16423,1
16424,0
16425,0
16426,0
16427,1
16428,0
16429,0
16430,0
16431,0
16432,0
16433,0
16434,0
16435,1
16436,0
16437,0
16438,0
16439,0
16440,0
16441,0
16442,0
16443,0
16444,0
16445,1
16446,0
16447,1
16448,0
16449,0
16450,1
16451,0
16452,0
16453,0
16454,0
16455,0
16456,1
16457,0
16458,0
16459,0
16460,0
16461,0
16462,1
16463,1
16464,0
16465,0
16466,0
16467,1
16468,1
16469,1
16470,0
16471,0
16472,1
16473,1
16474,1
16475,0
16476,0
16477,0
16478,1
16479,1
16480,0
16481,0
16482,0
16483,0
16484,0
16485,0
16486,0
16487,0
16488,1
16489,0
16490,0
16491,0
16492,1
16493,0
16494,1
16495,0
16496,0
16497,0
16498,0
16499,0
16500,0
16501,0
16502,0
16503,0
16504,0
16505,0
16506,0
16507,0
16508,0
16509,1
16510,1
16511,1
16512,0
16513,0
16514,1
16515,0
16516,0
16517,0
16518,0
16519,1
16520,0
16521,0
16522,0
16523,0
16524,0
16525,0
16526,0
16527,1
16528,0
16529,0
16530,1
16531,0
16532,0
16533,0
16534,0
16535,1
16536,0
16537,0
16538,0
16539,0
16540,0
16541,0
16542,0
16543,1
16544,0
16545,1
16546,0
16547,0
16548,0
16549,1
16550,1
16551,0
16552,0
16553,1
16554,1
16555,0
16556,0
16557,0
16558,1
16559,0
16560,0
16561,1
16562,0
16563,0
16564,0
16565,0
16566,0
16567,0
16568,1
16569,0
16570,0
16571,0
16572,0
16573,0
16574,0
16575,0
16576,0
16577,0
16578,1
16579,0
16580,0
16581,0
16582,0
16583,0
16584,0
16585,1
16586,1
16587,0
16588,0
16589,1
16590,0
16591,0
16592,0
16593,0
16594,0
16595,0
16596,1
16597,1
16598,1
16599,0
16600,0
16601,0
16602,0
16603,0
16604,1
16605,0
16606,0
16607,0
16608,0
16609,0
16610,0
16611,1
16612,0
16613,1
16614,0
16615,1
16616,0
16617,1
16618,1
16619,0
16620,0
16621,0
16622,0
16623,1
16624,0
16625,0
16626,0
16627,0
16628,1
16629,1
16630,0
16631,0
16632,0
16633,0
16634,0
16635,0
16636,0
16637,0
16638,0
16639,0
16640,1
16641,1
16642,1
16643,0
16644,0
16645,0
16646,0
16647,1
16648,0
16649,0
16650,1
16651,1
16652,0
16653,0
16654,0
16655,0
16656,0
16657,0
16658,0
16659,0
16660,0
16661,0
16662,1
16663,1
16664,0
16665,1
16666,0
16667,0
16668,0
16669,0
16670,0
16671,0
16672,0
16673,1
16674,1
16675,1
16676,0
16677,1
16678,0
16679,0
16680,0
16681,0
16682,0
16683,1
16684,1
16685,1
16686,0
16687,0
16688,1
16689,0
16690,1
16691,0
16692,0
16693,0
16694,0
16695,0
16696,0
16697,1
16698,0
16699,0
16700,1
16701,0
16702,0
16703,0
16704,0
16705,0
16706,0
16707,0
16708,1
16709,0
16710,0
16711,1
16712,0
16713,0
16714,0
16715,0
16716,1
16717,0
16718,0
16719,0
16720,0
16721,1
16722,0
16723,0
16724,0
16725,0
16726,0
16727,0
16728,1
16729,0
16730,0
16731,0
16732,0
16733,0
16734,0
16735,0
16736,0
16737,1
16738,0
16739,0
16740,1
16741,0
16742,0
16743,0
16744,0
16745,0
16746,0
16747,0
16748,0
16749,1
16750,1
16751,1
16752,0
16753,1
16754,0
16755,1
16756,1
16757,0
16758,1
16759,0
16760,1
16761,0
16762,0
16763,0
16764,0
16765,0
16766,0
16767,0
16768,1
16769,0
16770,0
16771,0
16772,1
16773,0
16774,0
16775,1
16776,0
16777,0
16778,0
16779,1
16780,0
16781,0
16782,0
16783,0
16784,0
16785,1
16786,0
16787,0
16788,1
16789,0
16790,0
16791,1
16792,0
16793,0
16794,0
16795,1
16796,0
16797,0
16798,0
16799,0
16800,0
16801,0
16802,1
16803,0
16804,0
16805,1
16806,0
16807,0
16808,1
16809,1
16810,1
16811,0
16812,0
16813,0
16814,0
16815,0
16816,0
16817,0
16818,0
16819,1
16820,0
16821,0
16822,0
16823,0
16824,0
16825,0
16826,0
16827,1
16828,0
16829,0
16830,0
16831,0
16832,0
16833,0
16834,0
16835,1
16836,0
16837,0
16838,0
16839,1
16840,0
16841,1
16842,1
16843,1
16844,0
16845,1
16846,0
16847,0
16848,0
16849,0
16850,0
16851,0
16852,1
16853,0
16854,0
16855,0
16856,1
16857,0
16858,0
16859,1
16860,0
16861,0
16862,0
16863,0
16864,0
16865,0
16866,0
16867,1
16868,0
16869,0
16870,1
16871,1
16872,1
16873,0
16874,0
16875,0
16876,0
16877,1
16878,1
16879,0
16880,0
16881,0
16882,1
16883,0
16884,0
16885,1
16886,0
16887,1
16888,1
16889,0
16890,0
16891,0
16892,0
16893,1
16894,1
16895,0
16896,0
16897,0
16898,1
16899,0
16900,0
16901,0
16902,0
16903,0
16904,0
16905,1
16906,0
16907,0
16908,0
16909,0
16910,1
16911,0
16912,1
16913,1
16914,0
16915,0
16916,1
16917,0
16918,0
16919,0
16920,0
16921,0
16922,0
16923,0
16924,1
16925,1
16926,0
16927,0
16928,0
16929,0
16930,0
16931,0
16932,0
16933,0
16934,0
16935,1
16936,0
16937,0
16938,0
16939,0
16940,1
16941,0
16942,0
16943,0
16944,0
16945,0
16946,0
16947,0
16948,0
16949,0
16950,0
16951,0
16952,1
16953,0
16954,0
16955,0
16956,0
16957,1
16958,0
16959,0
16960,1
16961,0
16962,0
16963,1
16964,0
16965,0
16966,0
16967,0
16968,1
16969,0
16970,0
16971,0
16972,1
16973,1
16974,0
16975,0
16976,0
16977,0
16978,1
16979,0
16980,0
16981,1
16982,0
16983,0
16984,0
16985,0
16986,0
16987,0
16988,0
16989,1
16990,0
16991,0
16992,0
16993,0
16994,0
16995,0
16996,0
16997,0
16998,1
16999,0
17000,0
17001,0
17002,0
17003,1
17004,0
17005,0
17006,0
17007,0
17008,1
17009,0
17010,0
17011,1
17012,0
17013,0
17014,0
17015,0
17016,1
17017,0
17018,0
17019,0
17020,1
17021,0
17022,0
17023,0
17024,0
17025,0
17026,0
17027,0
17028,0
17029,0
17030,0
17031,1
17032,0
17033,0
17034,0
17035,0
17036,0
17037,0
17038,0
17039,0
17040,0
17041,0
17042,0
17043,0
17044,1
17045,0
17046,0
17047,0
17048,0
17049,0
17050,0
17051,0
17052,0
17053,0
17054,1
17055,0
17056,0
17057,0
17058,0
17059,1
17060,0
17061,0
17062,0
17063,1
17064,0
17065,0
17066,0
17067,0
17068,1
17069,0
17070,0
17071,0
17072,1
17073,0
17074,1
17075,0
17076,0
17077,0
17078,0
17079,0
17080,1
17081,1
17082,0
17083,1
17084,0
17085,0
17086,0
17087,1
17088,0
17089,0
17090,1
17091,0
17092,0
17093,0
17094,1
17095,0
17096,0
17097,0
17098,0
17099,0
17100,0
17101,0
17102,1
17103,0
17104,1
17105,1
17106,0
17107,0
17108,0
17109,0
17110,0
17111,1
17112,0
17113,0
17114,1
17115,0
17116,0
17117,1
17118,0
17119,0
17120,0
17121,0
17122,0
17123,1
17124,0
17125,1
17126,0
17127,0
17128,0
17129,1
17130,0
17131,1
17132,1
17133,0
17134,0
17135,0
17136,1
17137,0
17138,0
17139,0
17140,0
17141,1
17142,0
17143,1
17144,0
17145,0
17146,0
17147,1
17148,0
17149,0
17150,0
17151,0
17152,1
17153,0
17154,1
17155,0
17156,1
17157,0
17158,1
17159,1
17160,0
17161,0
17162,0
17163,1
17164,0
17165,0
17166,1
17167,1
17168,0
17169,0
17170,0
17171,0
17172,0
17173,0
17174,0
17175,0
17176,0
17177,0
17178,0
17179,0
17180,0
17181,0
17182,1
17183,1
17184,0
17185,1
17186,0
17187,0
17188,0
17189,0
17190,0
17191,0
17192,1
17193,1
17194,0
17195,0
17196,0
17197,0
17198,0
17199,1
17200,0
17201,0
17202,0
17203,1
17204,0
17205,0
17206,0
17207,1
17208,1
17209,0
17210,0
17211,0
17212,0
17213,0
17214,1
17215,0
17216,0
17217,0
17218,0
17219,0
17220,0
17221,0
17222,0
17223,0
17224,0
17225,0
17226,0
17227,1
17228,1
17229,0
17230,0
17231,0
17232,0
17233,0
17234,0
17235,0
17236,0
17237,0
17238,1
17239,0
17240,0
17241,1
17242,0
17243,1
17244,0
17245,0
17246,1
17247,1
17248,0
17249,0
17250,0
17251,1
17252,0
17253,0
17254,0
17255,1
17256,0
17257,0
17258,0
17259,0
17260,0
17261,0
17262,0
17263,0
17264,0
17265,1
17266,0
17267,0
17268,0
17269,0
17270,0
17271,0
17272,0
17273,0
17274,1
17275,1
17276,0
17277,0
17278,0
17279,1
17280,0
17281,0
17282,1
17283,0
17284,0
17285,0
17286,1
17287,1
17288,0
17289,0
17290,0
17291,0
17292,0
17293,0
17294,0
17295,0
17296,0
17297,0
17298,0
17299,0
17300,0
17301,0
17302,0
17303,0
17304,0
17305,0
17306,0
17307,0
17308,0
17309,0
17310,0
17311,0
17312,0
17313,0
17314,0
17315,0
17316,1
17317,1
17318,1
17319,1
17320,1
17321,0
17322,1
17323,0
17324,0
17325,0
17326,0
17327,0
17328,0
17329,1
17330,0
17331,0
17332,1
17333,1
17334,0
17335,0
17336,0
17337,1
17338,0
17339,0
17340,0
17341,1
17342,0
17343,0
17344,0
17345,0
17346,0
17347,0
17348,0
17349,0
17350,1
17351,1
17352,0
17353,0
17354,0
17355,0
17356,0
17357,0
17358,0
17359,0
17360,0
17361,0
17362,0
17363,0
17364,0
17365,0
17366,1
17367,1
17368,0
17369,1
17370,1
17371,0
17372,0
17373,0
17374,1
17375,0
17376,1
17377,0
17378,0
17379,0
17380,1
17381,0
17382,0
17383,0
17384,0
17385,0
17386,0
17387,0
17388,0
17389,0
17390,0
17391,0
17392,1
17393,0
17394,0
17395,0
17396,0
17397,1
17398,0
17399,0
17400,0
17401,0
17402,0
17403,0
17404,0
17405,0
17406,1
17407,0
17408,1
17409,0
17410,1
17411,0
17412,1
17413,0
17414,1
17415,0
17416,0
17417,0
17418,1
17419,0
17420,0
17421,0
17422,0
17423,0
17424,0
17425,0
17426,0
17427,0
17428,0
17429,0
17430,1
17431,0
17432,0
17433,0
17434,0
17435,0
17436,1
17437,1
17438,0
17439,0
17440,1
17441,0
17442,0
17443,0
17444,0
17445,0
17446,1
17447,0
17448,0
17449,0
17450,0
17451,0
17452,0
17453,1
17454,0
17455,1
17456,1
17457,0
17458,0
17459,0
17460,0
17461,0
17462,0
17463,0
17464,0
17465,0
17466,1
17467,1
17468,0
17469,0
17470,0
17471,0
17472,0
17473,0
17474,0
17475,0
17476,0
17477,0
17478,0
17479,0
17480,0
17481,0
17482,0
17483,0
17484,0
17485,0
17486,0
17487,0
17488,0
17489,0
17490,0
17491,0
17492,0
17493,1
17494,1
17495,0
17496,1
17497,1
17498,0
17499,1
17500,0
17501,0
17502,0
17503,0
17504,0
17505,0
17506,0
17507,0
17508,0
17509,0
17510,1
17511,0
17512,0
17513,0
17514,0
17515,0
17516,0
17517,1
17518,0
17519,0
17520,0
17521,1
17522,1
17523,0
17524,1
17525,0
17526,0
17527,0
17528,1
17529,0
17530,0
17531,0
17532,0
17533,1
17534,0
17535,0
17536,0
17537,1
17538,0
17539,0
17540,0
17541,1
17542,0
17543,0
17544,0
17545,0
17546,0
17547,1
17548,1
17549,0
17550,0
17551,0
17552,0
17553,0
17554,0
17555,0
17556,0
17557,0
17558,1
17559,0
17560,1
17561,0
17562,0
17563,0
17564,0
17565,1
17566,0
17567,0
17568,1
17569,1
17570,0
17571,0
17572,0
17573,0
17574,0
17575,0
17576,0
17577,0
17578,0
17579,0
17580,1
17581,0
17582,0
17583,0
17584,0
17585,0
17586,0
17587,0
17588,0
17589,0
17590,0
17591,1
17592,0
17593,1
17594,0
17595,0
17596,0
17597,0
17598,0
17599,0
17600,0
17601,0
17602,0
17603,0
17604,1
17605,0
17606,1
17607,0
17608,0
17609,0
17610,0
17611,1
17612,0
17613,0
17614,0
17615,0
17616,0
17617,0
17618,0
17619,0
17620,0
17621,0
17622,0
17623,0
17624,0
17625,0
17626,1
17627,0
17628,0
17629,0
17630,0
17631,0
17632,0
17633,0
17634,1
17635,0
17636,0
17637,0
17638,0
17639,0
17640,1
17641,0
17642,0
17643,0
17644,0
17645,0
17646,0
17647,0
17648,0
17649,0
17650,1
17651,0
17652,1
17653,0
17654,0
17655,0
17656,1
17657,0
17658,0
17659,0
17660,0
17661,1
17662,1
17663,0
17664,0
17665,0
17666,1
17667,1
17668,0
17669,0
17670,1
17671,0
17672,0
17673,0
17674,0
17675,0
17676,0
17677,0
17678,0
17679,0
17680,0
17681,0
17682,0
17683,0
17684,0
17685,0
17686,1
17687,0
17688,0
17689,0
17690,0
17691,0
17692,0
17693,0
17694,0
17695,0
17696,0
17697,0
17698,0
17699,1
17700,0
17701,0
17702,0
17703,0
17704,1
17705,1
17706,0
17707,0
17708,0
17709,0
17710,0
17711,0
17712,0
17713,0
17714,0
17715,0
17716,1
17717,1
17718,0
17719,0
17720,0
17721,0
17722,0
17723,0
17724,0
17725,0
17726,0
17727,0
17728,1
17729,0
17730,0
17731,0
17732,0
17733,0
17734,1
17735,0
17736,0
17737,0
17738,0
17739,0
17740,0
17741,0
17742,0
17743,0
17744,1
17745,0
17746,1
17747,1
17748,0
17749,0
17750,0
17751,0
17752,1
17753,0
17754,0
17755,0
17756,0
17757,0
17758,0
17759,0
17760,0
17761,0
17762,0
17763,0
17764,1
17765,0
17766,0
17767,1
17768,0
17769,0
17770,0
17771,0
17772,0
17773,1
17774,0
17775,0
17776,0
17777,0
17778,0
17779,1
17780,0
17781,0
17782,0
17783,1
17784,0
17785,0
17786,0
17787,1
17788,0
17789,0
17790,0
17791,0
17792,0
17793,1
17794,0
17795,0
17796,0
17797,1
17798,1
17799,0
17800,1
17801,0
17802,0
17803,0
17804,0
17805,0
17806,0
17807,1
17808,1
17809,0
17810,0
17811,1
17812,0
17813,0
17814,0
17815,0
17816,0
17817,0
17818,1
17819,0
17820,0
17821,0
17822,0
17823,0
17824,1
17825,0
17826,0
17827,0
17828,0
17829,0
17830,0
17831,0
17832,0
17833,0
17834,0
17835,0
17836,0
17837,1
17838,1
17839,0
17840,1
17841,0
17842,1
17843,0
17844,0
17845,1
17846,0
17847,0
17848,0
17849,0
17850,0
17851,0
17852,0
17853,0
17854,0
17855,0
17856,0
17857,0
17858,0
17859,0
17860,0
17861,0
17862,0
17863,0
17864,0
17865,0
17866,0
17867,0
17868,0
17869,1
17870,0
17871,0
17872,0
17873,1
17874,0
17875,1
17876,0
17877,0
17878,0
17879,0
17880,0
17881,0
17882,1
17883,0
17884,1
17885,0
17886,0
17887,0
17888,1
17889,0
17890,1
17891,0
17892,0
17893,0
17894,1
17895,1
17896,0
17897,0
17898,0
17899,0
17900,0
17901,1
17902,0
17903,1
17904,0
17905,1
17906,0
17907,0
17908,1
17909,0
17910,0
17911,1
17912,1
17913,0
17914,0
17915,0
17916,0
17917,0
17918,1
17919,0
17920,0
17921,1
17922,0
17923,0
17924,0
17925,0
17926,1
17927,1
17928,0
17929,0
17930,1
17931,1
17932,0
17933,0
17934,0
17935,0
17936,0
17937,0
17938,0
17939,0
17940,0
17941,0
17942,0
17943,0
17944,0
17945,0
17946,0
17947,0
17948,1
17949,1
17950,1
17951,0
17952,1
17953,1
17954,0
17955,0
17956,0
17957,1
17958,0
17959,0
17960,0
17961,1
17962,0
17963,0
17964,0
17965,0
17966,0
17967,0
17968,0
17969,0
17970,0
17971,0
17972,1
17973,0
17974,0
17975,0
17976,0
17977,0
17978,1
17979,0
17980,1
17981,0
17982,0
17983,0
17984,1
17985,0
17986,0
17987,0
17988,0
17989,0
17990,1
17991,0
17992,0
17993,1
17994,0
17995,1
17996,0
17997,0
17998,1
17999,0
18000,0
18001,0
18002,1
18003,0
18004,0
18005,1
18006,0
18007,0
18008,0
18009,0
18010,0
18011,0
18012,0
18013,0
18014,1
18015,0
18016,1
18017,0
18018,0
18019,1
18020,1
18021,1
18022,0
18023,1
18024,0
18025,1
18026,0
18027,0
18028,0
18029,0
18030,0
18031,0
18032,1
18033,0
18034,0
18035,0
18036,0
18037,0
18038,0
18039,0
18040,1
18041,0
18042,1
18043,1
18044,1
18045,0
18046,0
18047,0
18048,0
18049,1
18050,0
18051,0
18052,0
18053,0
18054,0
18055,0
18056,0
18057,1
18058,0
18059,0
18060,1
18061,0
18062,0
18063,0
18064,1
18065,1
18066,0
18067,1
18068,0
18069,0
18070,0
18071,0
18072,0
18073,0
18074,1
18075,0
18076,0
18077,0
18078,0
18079,1
18080,0
18081,1
18082,0
18083,0
18084,0
18085,0
18086,0
18087,1
18088,0
18089,0
18090,0
18091,0
18092,0
18093,0
18094,0
18095,1
18096,0
18097,0
18098,0
18099,0
18100,0
18101,0
18102,0
18103,0
18104,1
18105,0
18106,0
18107,0
18108,0
18109,1
18110,1
18111,0
18112,0
18113,0
18114,0
18115,0
18116,1
18117,1
18118,1
18119,0
18120,0
18121,1
18122,0
18123,0
18124,0
18125,0
18126,0
18127,0
18128,0
18129,1
18130,0
18131,0
18132,0
18133,0
18134,1
18135,0
18136,0
18137,0
18138,0
18139,0
18140,0
18141,0
18142,0
18143,0
18144,1
18145,0
18146,0
18147,0
18148,0
18149,0
18150,1
18151,0
18152,0
18153,0
18154,1
18155,0
18156,1
18157,1
18158,0
18159,1
18160,0
18161,1
18162,0
18163,0
18164,0
18165,0
18166,0
18167,0
18168,0
18169,0
18170,1
18171,1
18172,0
18173,1
18174,0
18175,0
18176,0
18177,0
18178,0
18179,0
18180,0
18181,0
18182,0
18183,0
18184,0
18185,1
18186,0
18187,0
18188,0
18189,0
18190,0
18191,0
18192,0
18193,0
18194,1
18195,0
18196,0
18197,0
18198,0
18199,0
18200,0
18201,0
18202,0
18203,0
18204,1
18205,0
18206,0
18207,0
18208,0
18209,1
18210,0
18211,0
18212,0
18213,0
18214,1
18215,0
18216,0
18217,0
18218,1
18219,0
18220,0
18221,1
18222,0
18223,0
18224,0
18225,1
18226,0
18227,1
18228,0
18229,0
18230,0
18231,1
18232,0
18233,0
18234,0
18235,0
18236,0
18237,0
18238,0
18239,0
18240,0
18241,0
18242,0
18243,0
18244,0
18245,0
18246,1
18247,0
18248,0
18249,0
18250,0
18251,1
18252,0
18253,0
18254,0
18255,0
18256,0
18257,1
18258,0
18259,0
18260,0
18261,0
18262,0
18263,0
18264,0
18265,0
18266,0
18267,0
18268,1
18269,1
18270,0
18271,0
18272,0
18273,1
18274,0
18275,0
18276,0
18277,0
18278,0
18279,1
18280,1
18281,0
18282,0
18283,0
18284,1
18285,0
18286,0
18287,0
18288,0
18289,0
18290,0
18291,0
18292,0
18293,0
18294,0
18295,0
18296,0
18297,0
18298,0
18299,0
18300,0
18301,0
18302,0
18303,0
18304,0
18305,1
18306,0
18307,0
18308,0
18309,0
18310,1
18311,0
18312,0
18313,0
18314,0
18315,0
18316,0
18317,0
18318,1
18319,0
18320,0
18321,0
18322,0
18323,0
18324,0
18325,1
18326,0
18327,0
18328,0
18329,0
18330,0
18331,0
18332,1
18333,0
18334,0
18335,0
18336,0
18337,0
18338,1
18339,0
18340,0
18341,0
18342,0
18343,1
18344,1
18345,0
18346,0
18347,0
18348,0
18349,0
18350,0
18351,1
18352,0
18353,0
18354,0
18355,1
18356,0
18357,0
18358,0
18359,0
18360,0
18361,0
18362,0
18363,0
18364,0
18365,0
18366,0
18367,0
18368,0
18369,0
18370,1
18371,0
18372,0
18373,0
18374,0
18375,1
18376,0
18377,0
18378,0
18379,0
18380,0
18381,0
18382,0
18383,0
18384,0
18385,0
18386,0
18387,1
18388,1
18389,0
18390,0
18391,0
18392,0
18393,1
18394,0
18395,1
18396,0
18397,1
18398,0
18399,0
18400,0
18401,0
18402,0
18403,1
18404,0
18405,1
18406,1
18407,0
18408,0
18409,0
18410,0
18411,0
18412,0
18413,1
18414,0
18415,1
18416,0
18417,1
18418,0
18419,1
18420,1
18421,0
18422,0
18423,1
18424,0
18425,0
18426,0
18427,1
18428,0
18429,0
18430,0
18431,1
18432,0
18433,0
18434,0
18435,0
18436,1
18437,1
18438,0
18439,0
18440,0
18441,0
18442,0
18443,0
18444,0
18445,0
18446,0
18447,0
18448,0
18449,0
18450,0
18451,1
18452,0
18453,0
18454,0
18455,0
18456,0
18457,1
18458,1
18459,1
18460,0
18461,1
18462,0
18463,0
18464,0
18465,0
18466,0
18467,0
18468,0
18469,0
18470,0
18471,0
18472,0
18473,0
18474,1
18475,0
18476,0
18477,0
18478,0
18479,0
18480,0
18481,1
18482,0
18483,0
18484,0
18485,0
18486,0
18487,0
18488,0
18489,0
18490,0
18491,0
18492,0
18493,0
18494,0
18495,0
18496,0
18497,0
18498,0
18499,0
18500,0
18501,0
18502,0
18503,0
18504,0
18505,0
18506,1
18507,0
18508,0
18509,0
18510,0
18511,1
18512,0
18513,1
18514,0
18515,0
18516,0
18517,0
18518,1
18519,1
18520,0
18521,0
18522,0
18523,1
18524,0
18525,0
18526,0
18527,1
18528,0
18529,0
18530,0
18531,0
18532,1
18533,0
18534,0
18535,0
18536,1
18537,0
18538,1
18539,0
18540,1
18541,1
18542,0
18543,0
18544,0
18545,0
18546,1
18547,0
18548,1
18549,0
18550,0
18551,0
18552,0
18553,1
18554,0
18555,1
18556,1
18557,0
18558,0
18559,1
18560,0
18561,0
18562,0
18563,0
18564,0
18565,0
18566,0
18567,0
18568,0
18569,0
18570,0
18571,0
18572,0
18573,0
18574,1
18575,0
18576,0
18577,0
18578,0
18579,1
18580,0
18581,0
18582,1
18583,0
18584,0
18585,1
18586,0
18587,1
18588,0
18589,1
18590,0
18591,0
18592,1
18593,0
18594,1
18595,1
18596,0
18597,1
18598,0
18599,0
18600,1
18601,0
18602,0
18603,1
18604,0
18605,0
18606,0
18607,0
18608,0
18609,0
18610,0
18611,0
18612,1
18613,0
18614,0
18615,0
18616,0
18617,0
18618,1
18619,0
18620,0
18621,0
18622,0
18623,0
18624,1
18625,0
18626,0
18627,0
18628,0
18629,0
18630,0
18631,0
18632,0
18633,0
18634,0
18635,0
18636,1
18637,0
18638,0
18639,1
18640,0
18641,0
18642,0
18643,0
18644,0
18645,0
18646,0
18647,0
18648,0
18649,0
18650,0
18651,1
18652,0
18653,0
18654,0
18655,0
18656,1
18657,0
18658,1
18659,0
18660,0
18661,1
18662,0
18663,0
18664,0
18665,1
18666,1
18667,0
18668,0
18669,0
18670,0
18671,0
18672,0
18673,0
18674,0
18675,0
18676,0
18677,0
18678,0
18679,0
18680,0
18681,0
18682,1
18683,0
18684,0
18685,0
18686,0
18687,0
18688,0
18689,0
18690,0
18691,0
18692,1
18693,0
18694,0
18695,1
18696,0
18697,0
18698,0
18699,0
18700,0
18701,1
18702,0
18703,0
18704,0
18705,0
18706,0
18707,0
18708,0
18709,1
18710,0
18711,1
18712,0
18713,0
18714,0
18715,1
18716,0
18717,0
18718,0
18719,0
18720,1
18721,0
18722,0
18723,0
18724,0
18725,1
18726,0
18727,1
18728,1
18729,0
18730,1
18731,0
18732,0
18733,0
18734,0
18735,0
18736,1
18737,1
18738,0
18739,0
18740,0
18741,0
18742,0
18743,1
18744,0
18745,1
18746,0
18747,0
18748,0
18749,0
18750,0
18751,0
18752,0
18753,0
18754,0
18755,1
18756,0
18757,0
18758,0
18759,1
18760,0
18761,0
18762,1
18763,0
18764,0
18765,0
18766,1
18767,0
18768,0
18769,0
18770,0
18771,0
18772,0
18773,1
18774,0
18775,0
18776,0
18777,1
18778,1
18779,1
18780,0
18781,1
18782,0
18783,0
18784,0
18785,1
18786,0
18787,0
18788,0
18789,0
18790,0
18791,0
18792,0
18793,0
18794,0
18795,0
18796,0
18797,0
18798,0
18799,0
18800,0
18801,1
18802,1
18803,0
18804,0
18805,0
18806,0
18807,0
18808,0
18809,0
18810,0
18811,0
18812,1
18813,0
18814,0
18815,0
18816,1
18817,1
18818,0
18819,0
18820,0
18821,0
18822,0
18823,0
18824,0
18825,0
18826,0
18827,0
18828,0
18829,0
18830,0
18831,0
18832,1
18833,0
18834,0
18835,1
18836,0
18837,0
18838,0
18839,1
18840,0
18841,0
18842,0
18843,1
18844,0
18845,1
18846,0
18847,1
18848,0
18849,1
18850,0
18851,0
18852,0
18853,0
18854,0
18855,0
18856,0
18857,0
18858,0
18859,0
18860,0
18861,0
18862,0
18863,0
18864,1
18865,0
18866,0
18867,1
18868,0
18869,0
18870,0
18871,0
18872,0
18873,0
18874,0
18875,0
18876,0
18877,1
18878,0
18879,0
18880,0
18881,0
18882,0
18883,0
18884,0
18885,0
18886,0
18887,0
18888,0
18889,0
18890,0
18891,1
18892,0
18893,0
18894,0
18895,1
18896,1
18897,0
18898,0
18899,0
18900,1
18901,0
18902,0
18903,0
18904,0
18905,0
18906,0
18907,0
18908,0
18909,0
18910,0
18911,0
18912,1
18913,0
18914,0
18915,0
18916,0
18917,0
18918,1
18919,0
18920,0
18921,0
18922,0
18923,0
18924,0
18925,0
18926,0
18927,0
18928,0
18929,0
18930,0
18931,0
18932,0
18933,0
18934,0
18935,0
18936,0
18937,0
18938,0
18939,1
18940,0
18941,1
18942,0
18943,1
18944,0
18945,0
18946,0
18947,0
18948,0
18949,0
18950,0
18951,1
18952,0
18953,0
18954,0
18955,1
18956,0
18957,0
18958,0
18959,0
18960,0
18961,1
18962,0
18963,0
18964,0
18965,0
18966,0
18967,0
18968,0
18969,0
18970,0
18971,1
18972,0
18973,0
18974,0
18975,1
18976,0
18977,0
18978,0
18979,0
18980,0
18981,0
18982,1
18983,0
18984,1
18985,1
18986,1
18987,0
18988,1
18989,0
18990,0
18991,0
18992,0
18993,1
18994,0
18995,0
18996,0
18997,0
18998,0
18999,0
19000,0
19001,1
19002,0
19003,0
19004,0
19005,0
19006,0
19007,0
19008,0
19009,0
19010,0
19011,0
19012,0
19013,0
19014,0
19015,0
19016,0
19017,0
19018,0
19019,0
19020,1
19021,0
19022,0
19023,0
19024,1
19025,0
19026,0
19027,0
19028,0
19029,0
19030,1
19031,0
19032,0
19033,0
19034,0
19035,0
19036,0
19037,0
19038,0
19039,0
19040,0
19041,1
19042,0
19043,1
19044,0
19045,0
19046,0
19047,0
19048,0
19049,0
19050,1
19051,1
19052,0
19053,0
19054,1
19055,0
19056,0
19057,1
19058,0
19059,0
19060,0
19061,0
19062,0
19063,0
19064,0
19065,1
19066,0
19067,0
19068,0
19069,1
19070,0
19071,0
19072,1
19073,0
19074,0
19075,0
19076,1
19077,0
19078,0
19079,1
19080,0
19081,0
19082,0
19083,1
19084,1
19085,0
19086,0
19087,0
19088,0
19089,0
19090,0
19091,0
19092,0
19093,0
19094,0
19095,0
19096,0
19097,0
19098,0
19099,0
19100,0
19101,0
19102,0
19103,0
19104,0
19105,0
19106,1
19107,0
19108,1
19109,0
19110,0
19111,0
19112,0
19113,1
19114,0
19115,0
19116,1
19117,0
19118,0
19119,0
19120,1
19121,1
19122,0
19123,1
19124,1
19125,0
19126,0
19127,0
19128,0
19129,0
19130,0
19131,0
19132,0
19133,0
19134,0
19135,0
19136,0
19137,0
19138,0
19139,0
19140,0
19141,0
19142,0
19143,0
19144,0
19145,1
19146,1
19147,0
19148,0
19149,0
19150,1
19151,0
19152,0
19153,0
19154,0
19155,0
19156,0
19157,0
19158,0
19159,0
19160,1
19161,0
19162,0
19163,1
19164,0
19165,0
19166,0
19167,0
19168,0
19169,0
19170,0
19171,0
19172,1
19173,0
19174,0
19175,0
19176,0
19177,0
19178,0
19179,0
19180,0
19181,0
19182,1
19183,0
19184,0
19185,0
19186,0
19187,0
19188,0
19189,0
19190,0
19191,0
19192,0
19193,0
19194,0
19195,0
19196,0
19197,0
19198,1
19199,0
19200,0
19201,0
19202,1
19203,0
19204,0
19205,0
19206,0
19207,0
19208,0
19209,0
19210,0
19211,0
19212,0
19213,0
19214,0
19215,1
19216,0
19217,0
19218,0
19219,0
19220,1
19221,0
19222,0
19223,0
19224,1
19225,0
19226,0
19227,0
19228,0
19229,0
19230,1
19231,0
19232,0
19233,0
19234,0
19235,0
19236,0
19237,0
19238,0
19239,0
19240,1
19241,0
19242,1
19243,0
19244,0
19245,1
19246,0
19247,0
19248,0
19249,0
19250,0
19251,0
19252,0
19253,0
19254,1
19255,0
19256,0
19257,0
19258,0
19259,0
19260,0
19261,0
19262,0
19263,0
19264,0
19265,0
19266,0
19267,0
19268,0
19269,0
19270,1
19271,0
19272,0
19273,0
19274,0
19275,0
19276,1
19277,0
19278,0
19279,0
19280,0
19281,0
19282,0
19283,0
19284,0
19285,0
19286,0
19287,0
19288,1
19289,0
19290,1
19291,0
19292,0
19293,0
19294,0
19295,0
19296,0
19297,0
19298,0
19299,0
19300,1
19301,1
19302,0
19303,1
19304,0
19305,0
19306,0
19307,0
19308,0
19309,1
19310,0
19311,1
19312,0
19313,1
19314,1
19315,0
19316,0
19317,0
19318,0
19319,0
19320,0
19321,0
19322,0
19323,1
19324,0
19325,0
19326,1
19327,1
19328,0
19329,0
19330,0
19331,0
19332,0
19333,0
19334,0
19335,0
19336,1
19337,1
19338,1
19339,0
19340,1
19341,1
19342,1
19343,1
19344,0
19345,0
19346,0
19347,1
19348,0
19349,0
19350,0
19351,0
19352,0
19353,1
19354,0
19355,1
19356,0
19357,0
19358,1
19359,1
19360,0
19361,0
19362,0
19363,1
19364,1
19365,0
19366,0
19367,1
19368,0
19369,1
19370,0
19371,0
19372,1
19373,1
19374,0
19375,0
19376,0
19377,0
19378,0
19379,0
19380,0
19381,0
19382,1
19383,0
19384,1
19385,1
19386,0
19387,0
19388,0
19389,0
19390,0
19391,0
19392,0
19393,0
19394,0
19395,0
19396,1
19397,0
19398,0
19399,0
19400,1
19401,0
19402,0
19403,0
19404,0
19405,0
19406,0
19407,0
19408,0
19409,0
19410,0
19411,0
19412,1
19413,0
19414,0
19415,0
19416,0
19417,0
19418,0
19419,1
19420,0
19421,0
19422,0
19423,1
19424,0
19425,1
19426,0
19427,0
19428,0
19429,0
19430,1
19431,0
19432,0
19433,0
19434,1
19435,0
19436,0
19437,0
19438,0
19439,1
19440,0
19441,0
19442,0
19443,0
19444,0
19445,0
19446,0
19447,0
19448,0
19449,1
19450,0
19451,0
19452,0
19453,0
19454,0
19455,0
19456,0
19457,0
19458,0
19459,0
19460,1
19461,0
19462,0
19463,0
19464,0
19465,0
19466,0
19467,1
19468,0
19469,1
19470,0
19471,0
19472,1
19473,0
19474,0
19475,0
19476,1
19477,1
19478,0
19479,0
19480,0
19481,0
19482,1
19483,1
19484,0
19485,0
19486,0
19487,0
19488,1
19489,0
19490,0
19491,1
19492,0
19493,0
19494,0
19495,1
19496,0
19497,0
19498,1
19499,1
19500,1
19501,1
19502,0
19503,0
19504,0
19505,0
19506,0
19507,0
19508,0
19509,0
19510,1
19511,0
19512,1
19513,0
19514,0
19515,0
19516,0
19517,0
19518,0
19519,0
19520,0
19521,1
19522,0
19523,0
19524,1
19525,0
19526,0
19527,1
19528,1
19529,0
19530,0
19531,0
19532,0
19533,0
19534,0
19535,0
19536,1
19537,0
19538,0
19539,0
19540,0
19541,1
19542,0
19543,0
19544,0
19545,0
19546,0
19547,1
19548,0
19549,1
19550,0
19551,0
19552,1
19553,0
19554,0
19555,0
19556,0
19557,0
19558,1
19559,0
19560,0
19561,0
19562,0
19563,0
19564,0
19565,0
19566,0
19567,1
19568,1
19569,0
19570,0
19571,1
19572,0
19573,0
19574,0
19575,1
19576,1
19577,0
19578,0
19579,1
19580,0
19581,0
19582,0
19583,0
19584,0
19585,1
19586,0
19587,0
19588,0
19589,0
19590,0
19591,1
19592,1
19593,0
19594,0
19595,1
19596,0
19597,0
19598,0
19599,0
19600,1
19601,0
19602,1
19603,1
19604,0
19605,0
19606,1
19607,0
19608,0
19609,0
19610,0
19611,0
19612,0
19613,0
19614,0
19615,1
19616,0
19617,0
19618,0
19619,1
19620,0
19621,0
19622,0
19623,0
19624,0
19625,0
19626,0
19627,1
19628,0
19629,0
19630,0
19631,1
19632,0
19633,1
19634,0
19635,1
19636,1
19637,1
19638,0
19639,0
19640,0
19641,0
19642,0
19643,0
19644,0
19645,0
19646,0
19647,0
19648,1
19649,1
19650,0
19651,0
19652,1
19653,0
19654,0
19655,0
19656,0
19657,1
19658,1
19659,0
19660,0
19661,0
19662,0
19663,0
19664,0
19665,0
19666,0
19667,0
19668,0
19669,0
19670,0
19671,0
19672,0
19673,0
19674,0
19675,0
19676,1
19677,1
19678,1
19679,0
19680,0
19681,1
19682,0
19683,0
19684,1
19685,0
19686,0
19687,0
19688,0
19689,0
19690,0
19691,0
19692,0
19693,0
19694,0
19695,0
19696,0
19697,0
19698,0
19699,0
19700,0
19701,1
19702,0
19703,0
19704,0
19705,1
19706,1
19707,0
19708,0
19709,1
19710,0
19711,0
19712,0
19713,0
19714,0
19715,1
19716,0
19717,0
19718,0
19719,0
19720,1
19721,1
19722,0
19723,0
19724,1
19725,0
19726,0
19727,0
19728,0
19729,0
19730,0
19731,0
19732,0
19733,0
19734,0
19735,0
19736,0
19737,1
19738,0
19739,0
19740,1
19741,0
19742,0
19743,0
19744,0
19745,0
19746,0
19747,0
19748,1
19749,1
19750,0
19751,0
19752,0
19753,0
19754,1
19755,1
19756,1
19757,0
19758,0
19759,0
19760,0
19761,0
19762,1
19763,1
19764,0
19765,0
19766,1
19767,0
19768,0
19769,1
19770,1
19771,0
19772,0
19773,0
19774,0
19775,0
19776,0
19777,0
19778,0
19779,0
19780,1
19781,0
19782,0
19783,0
19784,0
19785,0
19786,0
19787,1
19788,0
19789,0
19790,0
19791,0
19792,0
19793,0
19794,1
19795,0
19796,0
19797,0
19798,0
19799,0
19800,0
19801,0
19802,0
19803,0
19804,0
19805,0
19806,0
19807,0
19808,0
19809,0
19810,1
19811,0
19812,0
19813,0
19814,0
19815,0
19816,0
19817,0
19818,0
19819,0
19820,0
19821,1
19822,0
19823,0
19824,1
19825,0
19826,0
19827,0
19828,0
19829,0
19830,0
19831,0
19832,1
19833,0
19834,0
19835,1
19836,1
19837,0
19838,0
19839,1
19840,0
19841,0
19842,0
19843,1
19844,1
19845,1
19846,0
19847,0
19848,0
19849,0
19850,0
19851,0
19852,0
19853,0
19854,0
19855,1
19856,0
19857,0
19858,0
19859,0
19860,0
19861,0
19862,0
19863,0
19864,0
19865,0
19866,1
19867,0
19868,1
19869,0
19870,0
19871,0
19872,0
19873,1
19874,0
19875,0
19876,0
19877,0
19878,0
19879,0
19880,0
19881,0
19882,0
19883,0
19884,0
19885,0
19886,0
19887,1
19888,1
19889,0
19890,0
19891,0
19892,0
19893,0
19894,1
19895,0
19896,0
19897,0
19898,0
19899,0
19900,0
19901,0
19902,0
19903,0
19904,0
19905,0
19906,0
19907,0
19908,1
19909,1
19910,1
19911,0
19912,0
19913,0
19914,1
19915,1
19916,0
19917,1
19918,1
19919,0
19920,0
19921,1
19922,0
19923,0
19924,0
19925,0
19926,0
19927,1
19928,0
19929,0
19930,1
19931,0
19932,0
19933,0
19934,0
19935,0
19936,0
19937,0
19938,0
19939,1
19940,0
19941,0
19942,1
19943,0
19944,1
19945,0
19946,0
19947,0
19948,0
19949,0
19950,0
19951,0
19952,1
19953,0
19954,0
19955,1
19956,0
19957,0
19958,0
19959,0
19960,0
19961,0
19962,0
19963,0
19964,0
19965,1
19966,0
19967,0
19968,0
19969,0
19970,0
19971,0
19972,0
19973,0
19974,0
19975,0
19976,0
19977,0
19978,0
19979,0
19980,0
19981,0
19982,0
19983,0
19984,0
19985,0
19986,0
19987,0
19988,0
19989,0
19990,0
19991,0
19992,0
19993,0
19994,0
19995,0
19996,0
19997,0
19998,0
19999,1
20000,0
20001,0
20002,0
20003,0
20004,0
20005,0
20006,0
20007,1
20008,0
20009,0
20010,0
20011,0
20012,0
20013,1
20014,1
20015,0
20016,0
20017,0
20018,0
20019,0
20020,0
20021,0
20022,0
20023,0
20024,1
20025,1
20026,0
20027,0
20028,1
20029,0
20030,0
20031,1
20032,0
20033,0
20034,0
20035,0
20036,0
20037,1
20038,1
20039,0
20040,0
20041,0
20042,1
20043,1
20044,0
20045,0
20046,0
20047,0
20048,0
20049,1
20050,0
20051,1
20052,1
20053,0
20054,1
20055,0
20056,1
20057,0
20058,0
20059,1
20060,0
20061,0
20062,1
20063,0
20064,0
20065,0
20066,0
20067,0
20068,0
20069,0
20070,1
20071,0
20072,0
20073,0
20074,0
20075,0
20076,0
20077,0
20078,0
20079,0
20080,0
20081,0
20082,0
20083,0
20084,0
20085,0
20086,0
20087,0
20088,0
20089,1
20090,0
20091,0
20092,1
20093,0
20094,0
20095,0
20096,0
20097,0
20098,0
20099,0
20100,0
20101,1
20102,1
20103,0
20104,0
20105,0
20106,1
20107,0
20108,0
20109,0
20110,0
20111,0
20112,0
20113,0
20114,1
20115,0
20116,0
20117,0
20118,0
20119,0
20120,1
20121,0
20122,1
20123,0
20124,0
20125,0
20126,0
20127,0
20128,0
20129,0
20130,0
20131,0
20132,0
20133,0
20134,1
20135,0
20136,1
20137,0
20138,0
20139,0
20140,0
20141,0
20142,0
20143,0
20144,0
20145,0
20146,0
20147,0
20148,0
20149,0
20150,1
20151,0
20152,1
20153,0
20154,0
20155,0
20156,0
20157,1
20158,0
20159,1
20160,0
20161,0
20162,0
20163,0
20164,0
20165,0
20166,0
20167,0
20168,0
20169,0
20170,0
20171,0
20172,0
20173,0
20174,1
20175,0
20176,0
20177,1
20178,0
20179,0
20180,1
20181,0
20182,1
20183,0
20184,1
20185,1
20186,0
20187,0
20188,0
20189,0
20190,0
20191,0
20192,0
20193,0
20194,0
20195,1
20196,0
20197,0
20198,0
20199,0
20200,0
20201,0
20202,0
20203,0
20204,1
20205,0
20206,1
20207,0
20208,1
20209,0
20210,0
20211,0
20212,0
20213,0
20214,0
20215,0
20216,0
20217,0
20218,0
20219,0
20220,1
20221,0
20222,0
20223,0
20224,1
20225,0
20226,0
20227,0
20228,0
20229,0
20230,0
20231,0
20232,1
20233,0
20234,1
20235,0
20236,0
20237,0
20238,0
20239,0
20240,0
20241,0
20242,1
20243,0
20244,0
20245,0
20246,0
20247,0
20248,1
20249,0
20250,0
20251,0
20252,1
20253,0
20254,0
20255,1
20256,1
20257,0
20258,0
20259,0
20260,0
20261,0
20262,1
20263,1
20264,0
20265,0
20266,0
20267,0
20268,1
20269,0
20270,0
20271,0
20272,0
20273,0
20274,0
20275,0
20276,0
20277,0
20278,0
20279,1
20280,1
20281,0
20282,0
20283,0
20284,0
20285,0
20286,0
20287,0
20288,0
20289,0
20290,0
20291,0
20292,0
20293,0
20294,0
20295,0
20296,0
20297,0
20298,0
20299,0
20300,0
20301,1
20302,0
20303,0
20304,0
20305,0
20306,0
20307,0
20308,0
20309,0
20310,1
20311,0
20312,0
20313,0
20314,0
20315,0
20316,0
20317,0
20318,0
20319,0
20320,0
20321,0
20322,1
20323,1
20324,0
20325,0
20326,0
20327,1
20328,0
20329,0
20330,0
20331,0
20332,1
20333,1
20334,1
20335,0
20336,0
20337,0
20338,1
20339,0
20340,1
20341,0
20342,0
20343,0
20344,1
20345,0
20346,0
20347,0
20348,0
20349,0
20350,1
20351,0
20352,0
20353,1
20354,0
20355,0
20356,1
20357,1
20358,0
20359,0
20360,0
20361,0
20362,0
20363,1
20364,0
20365,0
20366,0
20367,1
20368,1
20369,1
20370,0
20371,0
20372,0
20373,0
20374,0
20375,1
20376,0
20377,0
20378,0
20379,0
20380,0
20381,0
20382,0
20383,0
20384,0
20385,0
20386,0
20387,0
20388,0
20389,1
20390,0
20391,0
20392,0
20393,0
20394,0
20395,0
20396,0
20397,0
20398,0
20399,0
20400,0
20401,0
20402,0
20403,1
20404,1
20405,0
20406,0
20407,0
20408,0
20409,0
20410,0
20411,1
20412,0
20413,0
20414,0
20415,0
20416,0
20417,0
20418,0
20419,0
20420,0
20421,0
20422,0
20423,0
20424,1
20425,0
20426,0
20427,0
20428,0
20429,0
20430,0
20431,1
20432,0
20433,0
20434,0
20435,0
20436,0
20437,1
20438,0
20439,1
20440,0
20441,0
20442,0
20443,0
20444,0
20445,0
20446,0
20447,0
20448,0
20449,1
20450,0
20451,1
20452,0
20453,0
20454,0
20455,0
20456,0
20457,1
20458,0
20459,0
20460,0
20461,0
20462,1
20463,0
20464,0
20465,0
20466,0
20467,0
20468,0
20469,0
20470,0
20471,0
20472,0
20473,0
20474,0
20475,0
20476,0
20477,0
20478,1
20479,0
20480,0
20481,0
20482,0
20483,1
20484,0
20485,0
20486,1
20487,0
20488,0
20489,0
20490,0
20491,0
20492,0
20493,1
20494,0
20495,0
20496,1
20497,1
20498,0
20499,0
20500,0
20501,0
20502,0
20503,0
20504,0
20505,0
20506,0
20507,0
20508,0
20509,0
20510,0
20511,0
20512,0
20513,0
20514,0
20515,0
20516,0
20517,0
20518,1
20519,1
20520,0
20521,0
20522,0
20523,0
20524,0
20525,0
20526,0
20527,1
20528,0
20529,0
20530,0
20531,0
20532,0
20533,0
20534,0
20535,0
20536,0
20537,0
20538,1
20539,1
20540,1
20541,0
20542,1
20543,0
20544,0
20545,0
20546,0
20547,0
20548,0
20549,0
20550,0
20551,0
20552,0
20553,1
20554,0
20555,0
20556,1
20557,0
20558,0
20559,0
20560,0
20561,0
20562,1
20563,0
20564,0
20565,0
20566,0
20567,1
20568,0
20569,0
20570,1
20571,0
20572,1
20573,0
20574,0
20575,0
20576,1
20577,0
20578,0
20579,0
20580,0
20581,1
20582,0
20583,1
20584,0
20585,1
20586,0
20587,0
20588,0
20589,1
20590,0
20591,0
20592,0
20593,0
20594,1
20595,1
20596,0
20597,0
20598,0
20599,0
20600,0
20601,0
20602,0
20603,0
20604,0
20605,0
20606,0
20607,0
20608,0
20609,0
20610,0
20611,0
20612,0
20613,0
20614,0
20615,1
20616,1
20617,1
20618,1
20619,1
20620,0
20621,0
20622,0
20623,0
20624,1
20625,0
20626,0
20627,0
20628,0
20629,1
20630,0
20631,0
20632,0
20633,0
20634,0
20635,0
20636,1
20637,1
20638,1
20639,0
20640,1
20641,0
20642,0
20643,0
20644,0
20645,0
20646,0
20647,0
20648,0
20649,1
20650,0
20651,1
20652,0
20653,0
20654,0
20655,0
20656,0
20657,1
20658,0
20659,0
20660,0
20661,0
20662,0
20663,1
20664,0
20665,1
20666,0
20667,0
20668,0
20669,1
20670,0
20671,1
20672,0
20673,1
20674,0
20675,0
20676,1
20677,0
20678,0
20679,0
20680,0
20681,1
20682,0
20683,0
20684,1
20685,0
20686,0
20687,0
20688,0
20689,0
20690,0
20691,1
20692,0
20693,0
20694,0
20695,0
20696,0
20697,0
20698,0
20699,0
20700,0
20701,0
20702,0
20703,0
20704,0
20705,0
20706,0
20707,0
20708,1
20709,0
20710,0
20711,0
20712,1
20713,0
20714,1
20715,1
20716,0
20717,0
20718,0
20719,0
20720,0
20721,0
20722,0
20723,0
20724,0
20725,0
20726,0
20727,0
20728,0
20729,0
20730,0
20731,0
20732,0
20733,0
20734,0
20735,0
20736,0
20737,0
20738,0
20739,0
20740,0
20741,0
20742,0
20743,0
20744,1
20745,0
20746,0
20747,1
20748,0
20749,1
20750,0
20751,0
20752,0
20753,1
20754,1
20755,0
20756,0
20757,0
20758,0
20759,1
20760,0
20761,0
20762,0
20763,0
20764,0
20765,0
20766,0
20767,0
20768,0
20769,0
20770,0
20771,0
20772,0
20773,0
20774,0
20775,0
20776,1
20777,0
20778,0
20779,0
20780,1
20781,0
20782,0
20783,0
20784,0
20785,0
20786,0
20787,0
20788,0
20789,0
20790,0
20791,0
20792,0
20793,0
20794,0
20795,1
20796,0
20797,0
20798,1
20799,0
20800,0
20801,0
20802,0
20803,0
20804,0
20805,0
20806,0
20807,0
20808,0
20809,0
20810,0
20811,0
20812,0
20813,0
20814,0
20815,0
20816,0
20817,0
20818,0
20819,0
20820,1
20821,0
20822,0
20823,1
20824,1
20825,0
20826,0
20827,0
20828,0
20829,0
20830,1
20831,0
20832,0
20833,1
20834,0
20835,1
20836,0
20837,1
20838,0
20839,0
20840,0
20841,0
20842,1
20843,0
20844,1
20845,1
20846,0
20847,0
20848,1
20849,0
20850,1
20851,0
20852,1
20853,0
20854,0
20855,0
20856,0
20857,0
20858,0
20859,0
20860,0
20861,0
20862,0
20863,0
20864,1
20865,0
20866,1
20867,0
20868,0
20869,0
20870,0
20871,1
20872,1
20873,0
20874,0
20875,0
20876,0
20877,0
20878,0
20879,0
20880,1
20881,1
20882,0
20883,0
20884,0
20885,1
20886,0
20887,1
20888,0
20889,0
20890,0
20891,0
20892,0
20893,0
20894,0
20895,0
20896,0
20897,1
20898,0
20899,0
20900,0
20901,0
20902,0
20903,0
20904,0
20905,0
20906,0
20907,0
20908,0
20909,0
20910,0
20911,0
20912,1
20913,0
20914,1
20915,1
20916,1
20917,0
20918,1
20919,0
20920,1
20921,1
20922,1
20923,0
20924,0
20925,1
20926,1
20927,1
20928,0
20929,0
20930,0
20931,0
20932,0
20933,0
20934,0
20935,0
20936,0
20937,1
20938,1
20939,1
20940,1
20941,1
20942,0
20943,0
20944,0
20945,0
20946,0
20947,0
20948,1
20949,0
20950,1
20951,0
20952,1
20953,0
20954,0
20955,1
20956,0
20957,0
20958,0
20959,0
20960,0
20961,0
20962,0
20963,0
20964,0
20965,0
20966,0
20967,0
20968,0
20969,0
20970,0
20971,0
20972,1
20973,0
20974,1
20975,0
20976,0
20977,1
20978,0
20979,0
20980,0
20981,0
20982,1
20983,1
20984,0
20985,1
20986,1
20987,0
20988,1
20989,1
20990,0
20991,0
20992,1
20993,0
20994,0
20995,0
20996,0
20997,1
20998,0
20999,1
21000,0
21001,1
21002,1
21003,0
21004,0
21005,0
21006,0
21007,0
21008,0
21009,0
21010,0
21011,0
21012,1
21013,0
21014,0
21015,0
21016,0
21017,1
21018,0
21019,0
21020,0
21021,0
21022,1
21023,0
21024,0
21025,0
21026,0
21027,0
21028,0
21029,0
21030,1
21031,0
21032,0
21033,1
21034,0
21035,0
21036,0
21037,0
21038,1
21039,0
21040,0
21041,0
21042,0
21043,0
21044,0
21045,0
21046,1
21047,1
21048,0
21049,0
21050,0
21051,1
21052,0
21053,1
21054,0
21055,1
21056,0
21057,0
21058,1
21059,0
21060,0
21061,0
21062,1
21063,0
21064,1
21065,0
21066,1
21067,1
21068,0
21069,0
21070,0
21071,0
21072,0
21073,0
21074,1
21075,1
21076,0
21077,0
21078,1
21079,0
21080,0
21081,0
21082,0
21083,0
21084,0
21085,0
21086,0
21087,0
21088,0
21089,0
21090,0
21091,0
21092,0
21093,0
21094,0
21095,0
21096,0
21097,1
21098,0
21099,1
21100,0
21101,0
21102,0
21103,0
21104,0
21105,0
21106,0
21107,0
21108,0
21109,0
21110,0
21111,0
21112,0
21113,0
21114,0
21115,1
21116,1
21117,0
21118,0
21119,0
21120,0
21121,0
21122,0
21123,1
21124,0
21125,0
21126,0
21127,1
21128,0
21129,1
21130,0
21131,0
21132,0
21133,0
21134,0
21135,0
21136,0
21137,0
21138,0
21139,1
21140,0
21141,0
21142,0
21143,1
21144,0
21145,0
21146,0
21147,0
21148,1
21149,1
21150,0
21151,0
21152,0
21153,0
21154,0
21155,1
21156,1
21157,0
21158,0
21159,0
21160,0
21161,0
21162,0
21163,0
21164,0
21165,0
21166,0
21167,0
21168,0
21169,0
21170,0
21171,0
21172,0
21173,0
21174,1
21175,1
21176,0
21177,0
21178,0
21179,0
21180,0
21181,0
21182,0
21183,0
21184,0
21185,0
21186,0
21187,0
21188,1
21189,0
21190,0
21191,0
21192,0
21193,1
21194,0
21195,1
21196,0
21197,0
21198,1
21199,0
21200,0
21201,0
21202,0
21203,0
21204,0
21205,0
21206,0
21207,0
21208,0
21209,0
21210,1
21211,0
21212,0
21213,0
21214,0
21215,0
21216,0
21217,0
21218,0
21219,0
21220,0
21221,0
21222,0
21223,0
21224,0
21225,0
21226,0
21227,1
21228,0
21229,0
21230,0
21231,0
21232,1
21233,0
21234,1
21235,0
21236,0
21237,0
21238,0
21239,0
21240,0
21241,1
21242,0
21243,0
21244,0
21245,0
21246,0
21247,0
21248,1
21249,0
21250,0
21251,0
21252,0
21253,0
21254,0
21255,0
21256,0
21257,0
21258,0
21259,1
21260,1
21261,1
21262,1
21263,0
21264,0
21265,1
21266,0
21267,0
21268,0
21269,0
21270,0
21271,1
21272,0
21273,0
21274,0
21275,1
21276,0
21277,1
21278,0
21279,1
21280,0
21281,0
21282,0
21283,0
21284,1
21285,0
21286,0
21287,0
21288,0
21289,0
21290,0
21291,0
21292,1
21293,0
21294,1
21295,0
21296,0
21297,0
21298,0
21299,0
21300,0
21301,0
21302,1
21303,0
21304,0
21305,0
21306,0
21307,0
21308,0
21309,0
21310,0
21311,0
21312,0
21313,0
21314,0
21315,0
21316,0
21317,0
21318,0
21319,0
21320,0
21321,0
21322,0
21323,0
21324,0
21325,0
21326,0
21327,0
21328,0
21329,0
21330,0
21331,1
21332,1
21333,1
21334,1
21335,0
21336,0
21337,0
21338,0
21339,0
21340,0
21341,0
21342,0
21343,1
21344,0
21345,0
21346,0
21347,0
21348,0
21349,0
21350,0
21351,0
21352,0
21353,0
21354,0
21355,0
21356,0
21357,0
21358,1
21359,0
21360,0
21361,0
21362,0
21363,1
21364,1
21365,0
21366,1
21367,0
21368,1
21369,0
21370,0
21371,1
21372,0
21373,1
21374,0
21375,1
21376,0
21377,0
21378,0
21379,0
21380,0
21381,0
21382,0
21383,0
21384,0
21385,0
21386,0
21387,0
21388,0
21389,0
21390,0
21391,0
21392,0
21393,0
21394,0
21395,1
21396,0
21397,0
21398,0
21399,1
21400,0
21401,1
21402,0
21403,0
21404,0
21405,0
21406,1
21407,1
21408,0
21409,0
21410,1
21411,0
21412,0
21413,0
21414,0
21415,0
21416,0
21417,1
21418,0
21419,0
21420,0
21421,0
21422,1
21423,0
21424,0
21425,0
21426,0
21427,0
21428,0
21429,0
21430,0
21431,1
21432,0
21433,0
21434,0
21435,0
21436,0
21437,1
21438,0
21439,1
21440,0
21441,0
21442,0
21443,0
21444,0
21445,1
21446,0
21447,0
21448,0
21449,1
21450,0
21451,1
21452,0
21453,0
21454,0
21455,0
21456,0
21457,0
21458,0
21459,0
21460,0
21461,0
21462,0
21463,0
21464,0
21465,0
21466,0
21467,1
21468,0
21469,0
21470,0
21471,0
21472,0
21473,0
21474,0
21475,1
21476,0
21477,0
21478,0
21479,1
21480,0
21481,1
21482,0
21483,0
21484,0
21485,0
21486,0
21487,0
21488,0
21489,0
21490,0
21491,1
21492,0
21493,0
21494,1
21495,0
21496,0
21497,0
21498,1
21499,1
21500,0
21501,0
21502,0
21503,0
21504,0
21505,0
21506,0
21507,1
21508,0
21509,0
21510,0
21511,0
21512,0
21513,0
21514,1
21515,1
21516,1
21517,0
21518,0
21519,0
21520,0
21521,0
21522,0
21523,1
21524,0
21525,0
21526,0
21527,0
21528,0
21529,1
21530,1
21531,0
21532,0
21533,0
21534,0
21535,0
21536,0
21537,1
21538,0
21539,0
21540,0
21541,0
21542,0
21543,0
21544,0
21545,1
21546,0
21547,0
21548,0
21549,0
21550,1
21551,0
21552,0
21553,0
21554,0
21555,1
21556,0
21557,0
21558,0
21559,0
21560,0
21561,0
21562,1
21563,0
21564,0
21565,0
21566,1
21567,0
21568,0
21569,0
21570,0
21571,0
21572,0
21573,0
21574,0
21575,0
21576,1
21577,0
21578,1
21579,1
21580,0
21581,1
21582,0
21583,1
21584,0
21585,0
21586,1
21587,0
21588,0
21589,0
21590,0
21591,1
21592,0
21593,0
21594,0
21595,0
21596,0
21597,0
21598,0
21599,0
21600,1
21601,0
21602,0
21603,0
21604,0
21605,1
21606,0
21607,0
21608,0
21609,0
21610,0
21611,0
21612,0
21613,1
21614,0
21615,0
21616,0
21617,0
21618,0
21619,0
21620,0
21621,1
21622,1
21623,1
21624,0
21625,0
21626,0
21627,0
21628,0
21629,0
21630,0
21631,0
21632,0
21633,0
21634,0
21635,0
21636,0
21637,0
21638,0
21639,1
21640,0
21641,1
21642,0
21643,1
21644,0
21645,0
21646,0
21647,0
21648,0
21649,1
21650,0
21651,1
21652,0
21653,0
21654,0
21655,0
21656,0
21657,0
21658,0
21659,0
21660,0
21661,0
21662,0
21663,0
21664,1
21665,0
21666,0
21667,0
21668,0
21669,0
21670,0
21671,0
21672,0
21673,0
21674,1
21675,1
21676,0
21677,0
21678,0
21679,1
21680,0
21681,1
21682,0
21683,0
21684,0
21685,0
21686,0
21687,0
21688,0
21689,0
21690,0
21691,0
21692,0
21693,1
21694,0
21695,0
21696,0
21697,0
21698,1
21699,0
21700,0
21701,0
21702,0
21703,0
21704,0
21705,0
21706,0
21707,0
21708,0
21709,0
21710,0
21711,0
21712,0
21713,0
21714,1
21715,0
21716,0
21717,1
21718,0
21719,0
21720,0
21721,0
21722,0
21723,0
21724,0
21725,0
21726,0
21727,0
21728,0
21729,0
21730,1
21731,0
21732,0
21733,0
21734,0
21735,0
21736,0
21737,0
21738,1
21739,0
21740,0
21741,0
21742,0
21743,0
21744,0
21745,0
21746,0
21747,1
21748,0
21749,0
21750,0
21751,0
21752,0
21753,0
21754,1
21755,1
21756,0
21757,1
21758,0
21759,1
21760,0
21761,0
21762,1
21763,0
21764,0
21765,1
21766,0
21767,0
21768,1
21769,0
21770,0
21771,0
21772,1
21773,0
21774,0
21775,0
21776,0
21777,1
21778,0
21779,1
21780,1
21781,1
21782,0
21783,0
21784,0
21785,0
21786,0
21787,0
21788,0
21789,0
21790,1
21791,0
21792,0
21793,0
21794,0
21795,0
21796,1
21797,0
21798,0
21799,0
21800,1
21801,0
21802,0
21803,0
21804,0
21805,1
21806,0
21807,0
21808,0
21809,0
21810,1
21811,0
21812,0
21813,1
21814,0
21815,0
21816,0
21817,0
21818,0
21819,0
21820,0
21821,0
21822,0
21823,0
21824,0
21825,0
21826,1
21827,0
21828,1
21829,0
21830,1
21831,0
21832,0
21833,0
21834,0
21835,0
21836,1
21837,1
21838,1
21839,0
21840,0
21841,0
21842,0
21843,0
21844,0
21845,0
21846,0
21847,0
21848,1
21849,0
21850,0
21851,0
21852,0
21853,0
21854,1
21855,0
21856,1
21857,0
21858,0
21859,0
21860,0
21861,0
21862,0
21863,1
21864,0
21865,1
21866,0
21867,0
21868,0
21869,0
21870,0
21871,0
21872,0
21873,0
21874,0
21875,1
21876,0
21877,0
21878,0
21879,0
21880,0
21881,0
21882,0
21883,0
21884,1
21885,0
21886,0
21887,0
21888,0
21889,0
21890,0
21891,0
21892,0
21893,1
21894,0
21895,0
21896,0
21897,0
21898,0
21899,0
21900,0
21901,0
21902,0
21903,1
21904,0
21905,0
21906,0
21907,0
21908,1
21909,0
21910,0
21911,0
21912,0
21913,0
21914,1
21915,0
21916,1
21917,0
21918,0
21919,0
21920,1
21921,0
21922,1
21923,0
21924,1
21925,0
21926,0
21927,1
21928,0
21929,0
21930,1
21931,0
21932,0
21933,1
21934,0
21935,1
21936,0
21937,1
21938,0
21939,0
21940,0
21941,1
21942,0
21943,0
21944,0
21945,1
21946,0
21947,0
21948,0
21949,0
21950,0
21951,0
21952,0
21953,0
21954,0
21955,0
21956,0
21957,0
21958,0
21959,1
21960,0
21961,0
21962,0
21963,0
21964,0
21965,0
21966,0
21967,0
21968,0
21969,0
21970,0
21971,1
21972,1
21973,0
21974,0
21975,0
21976,0
21977,0
21978,0
21979,0
21980,0
21981,0
21982,0
21983,0
21984,0
21985,1
21986,0
21987,1
21988,0
21989,0
21990,0
21991,0
21992,0
21993,0
21994,1
21995,0
21996,1
21997,0
21998,0
21999,0
22000,0
22001,1
22002,1
22003,0
22004,1
22005,0
22006,0
22007,0
22008,0
22009,0
22010,0
22011,0
22012,0
22013,0
22014,1
22015,0
22016,0
22017,0
22018,0
22019,1
22020,0
22021,0
22022,1
22023,0
22024,0
22025,0
22026,1
22027,0
22028,0
22029,0
22030,0
22031,0
22032,1
22033,0
22034,0
22035,1
22036,0
22037,0
22038,0
22039,1
22040,0
22041,0
22042,0
22043,1
22044,0
22045,1
22046,0
22047,1
22048,1
22049,0
22050,0
22051,0
22052,0
22053,0
22054,0
22055,0
22056,1
22057,0
22058,0
22059,1
22060,0
22061,1
22062,0
22063,0
22064,1
22065,0
22066,0
22067,0
22068,0
22069,1
22070,0
22071,0
22072,1
22073,1
22074,0
22075,0
22076,1
22077,0
22078,0
22079,0
22080,1
22081,0
22082,1
22083,0
22084,1
22085,0
22086,1
22087,1
22088,0
22089,0
22090,0
22091,0
22092,1
22093,1
22094,0
22095,0
22096,0
22097,0
22098,0
22099,0
22100,0
22101,1
22102,0
22103,0
22104,0
22105,0
22106,0
22107,1
22108,0
22109,0
22110,0
22111,1
22112,0
22113,1
22114,0
22115,0
22116,0
22117,1
22118,1
22119,0
22120,1
22121,0
22122,0
22123,0
22124,0
22125,0
22126,0
22127,0
22128,0
22129,0
22130,0
22131,0
22132,0
22133,0
22134,0
22135,0
22136,1
22137,0
22138,0
22139,0
22140,1
22141,0
22142,0
22143,0
22144,1
22145,0
22146,0
22147,0
22148,0
22149,1
22150,0
22151,0
22152,1
22153,0
22154,0
22155,0
22156,0
22157,1
22158,1
22159,0
22160,0
22161,0
22162,0
22163,0
22164,0
22165,0
22166,0
22167,0
22168,0
22169,0
22170,0
22171,1
22172,0
22173,0
22174,0
22175,0
22176,0
22177,0
22178,1
22179,1
22180,0
22181,1
22182,0
22183,0
22184,0
22185,1
22186,0
22187,0
22188,1
22189,0
22190,0
22191,0
22192,0
22193,0
22194,0
22195,0
22196,0
22197,0
22198,0
22199,0
22200,0
22201,1
22202,1
22203,0
22204,0
22205,1
22206,0
22207,0
22208,1
22209,0
22210,1
22211,1
22212,0
22213,0
22214,1
22215,0
22216,1
22217,0
22218,1
22219,1
22220,1
22221,0
22222,1
22223,0
22224,0
22225,0
22226,0
22227,0
22228,0
22229,0
22230,0
22231,0
22232,0
22233,0
22234,0
22235,0
22236,1
22237,1
22238,0
22239,1
22240,0
22241,0
22242,0
22243,0
22244,0
22245,0
22246,0
22247,0
22248,0
22249,0
22250,0
22251,0
22252,1
22253,0
22254,0
22255,0
22256,0
22257,1
22258,1
22259,1
22260,0
22261,1
22262,0
22263,1
22264,0
22265,0
22266,0
22267,0
22268,0
22269,0
22270,0
22271,0
22272,0
22273,0
22274,0
22275,0
22276,0
22277,1
22278,0
22279,0
22280,0
22281,0
22282,0
22283,1
22284,0
22285,0
22286,0
22287,1
22288,1
22289,0
22290,0
22291,0
22292,0
22293,0
22294,0
22295,0
22296,0
22297,0
22298,0
22299,0
22300,1
22301,0
22302,0
22303,0
22304,0
22305,0
22306,0
22307,0
22308,1
22309,0
22310,0
22311,0
22312,0
22313,1
22314,0
22315,0
22316,0
22317,0
22318,0
22319,0
22320,0
22321,0
22322,1
22323,0
22324,0
22325,0
22326,0
22327,1
22328,0
22329,0
22330,0
22331,0
22332,0
22333,1
22334,0
22335,0
22336,0
22337,0
22338,0
22339,0
22340,0
22341,0
22342,1
22343,0
22344,1
22345,1
22346,0
22347,0
22348,0
22349,0
22350,0
22351,1
22352,1
22353,1
22354,0
22355,0
22356,0
22357,0
22358,1
22359,0
22360,1
22361,0
22362,0
22363,1
22364,1
22365,0
22366,0
22367,0
22368,0
22369,1
22370,1
22371,0
22372,0
22373,0
22374,1
22375,0
22376,0
22377,0
22378,1
22379,1
22380,0
22381,0
22382,0
22383,0
22384,0
22385,0
22386,1
22387,0
22388,1
22389,0
22390,0
22391,0
22392,0
22393,0
22394,0
22395,0
22396,0
22397,0
22398,0
22399,0
22400,0
22401,0
22402,0
22403,0
22404,0
22405,1
22406,1
22407,0
22408,0
22409,0
22410,1
22411,0
22412,0
22413,0
22414,1
22415,0
22416,0
22417,0
22418,0
22419,0
22420,0
22421,0
22422,1
22423,0
22424,1
22425,1
22426,0
22427,0
22428,0
22429,0
22430,0
22431,0
22432,0
22433,0
22434,0
22435,1
22436,1
22437,0
22438,0
22439,1
22440,0
22441,0
22442,0
22443,0
22444,1
22445,0
22446,0
22447,0
22448,0
22449,0
22450,0
22451,0
22452,1
22453,0
22454,1
22455,0
22456,0
22457,0
22458,0
22459,0
22460,0
22461,0
22462,0
22463,0
22464,0
22465,0
22466,0
22467,0
22468,1
22469,1
22470,0
22471,1
22472,0
22473,0
22474,0
22475,0
22476,0
22477,0
22478,0
22479,1
22480,1
22481,0
22482,0
22483,0
22484,0
22485,0
22486,0
22487,0
22488,0
22489,0
22490,0
22491,0
22492,1
22493,0
22494,0
22495,0
22496,0
22497,0
22498,0
22499,0
22500,1
22501,0
22502,1
22503,0
22504,0
22505,0
22506,0
22507,0
22508,0
22509,0
22510,0
22511,0
22512,0
22513,0
22514,0
22515,0
22516,1
22517,1
22518,1
22519,0
22520,0
22521,0
22522,0
22523,0
22524,0
22525,0
22526,0
22527,1
22528,0
22529,1
22530,0
22531,1
22532,0
22533,0
22534,1
22535,0
22536,0
22537,0
22538,0
22539,0
22540,1
22541,1
22542,1
22543,0
22544,0
22545,0
22546,1
22547,0
22548,0
22549,0
22550,0
22551,0
22552,0
22553,0
22554,1
22555,0
22556,0
22557,0
22558,1
22559,0
22560,0
22561,0
22562,0
22563,0
22564,0
22565,0
22566,0
22567,0
22568,1
22569,1
22570,1
22571,0
22572,0
22573,1
22574,1
22575,0
22576,1
22577,0
22578,0
22579,0
22580,0
22581,1
22582,1
22583,0
22584,1
22585,1
22586,0
22587,0
22588,1
22589,0
22590,0
22591,0
22592,0
22593,1
22594,0
22595,0
22596,1
22597,0
22598,1
22599,0
22600,0
22601,0
22602,0
22603,1
22604,0
22605,0
22606,1
22607,0
22608,0
22609,0
22610,0
22611,0
22612,0
22613,0
22614,0
22615,1
22616,1
22617,0
22618,0
22619,1
22620,0
22621,1
22622,0
22623,0
22624,0
22625,0
22626,0
22627,0
22628,0
22629,0
22630,0
22631,0
22632,0
22633,0
22634,0
22635,1
22636,0
22637,0
22638,0
22639,1
22640,0
22641,0
22642,1
22643,0
22644,0
22645,0
22646,0
22647,0
22648,0
22649,0
22650,1
22651,0
22652,0
22653,0
22654,0
22655,0
22656,0
22657,0
22658,0
22659,0
22660,0
22661,0
22662,0
22663,0
22664,0
22665,0
22666,0
22667,0
22668,0
22669,0
22670,0
22671,0
22672,1
22673,0
22674,0
22675,0
22676,1
22677,0
22678,0
22679,0
22680,0
22681,1
22682,1
22683,0
22684,0
22685,0
22686,1
22687,0
22688,0
22689,0
22690,0
22691,0
22692,0
22693,0
22694,0
22695,0
22696,0
22697,0
22698,0
22699,0
22700,0
22701,1
22702,0
22703,0
22704,0
22705,1
22706,0
22707,1
22708,0
22709,0
22710,0
22711,0
22712,0
22713,0
22714,0
22715,0
22716,0
22717,0
22718,0
22719,1
22720,0
22721,0
22722,0
22723,1
22724,0
22725,1
22726,0
22727,1
22728,0
22729,1
22730,0
22731,0
22732,0
22733,0
22734,0
22735,0
22736,1
22737,0
22738,1
22739,0
22740,1
22741,0
22742,0
22743,0
22744,0
22745,0
22746,0
22747,0
22748,0
22749,0
22750,0
22751,0
22752,0
22753,1
22754,0
22755,0
22756,0
22757,0
22758,1
22759,1
22760,1
22761,0
22762,0
22763,0
22764,1
22765,0
22766,0
22767,0
22768,1
22769,0
22770,0
22771,0
22772,0
22773,0
22774,0
22775,1
22776,0
22777,0
22778,0
22779,1
22780,0
22781,1
22782,0
22783,0
22784,0
22785,0
22786,0
22787,0
22788,1
22789,0
22790,0
22791,1
22792,0
22793,1
22794,0
22795,0
22796,0
22797,1
22798,0
22799,1
22800,1
22801,0
22802,0
22803,0
22804,0
22805,0
22806,0
22807,1
22808,0
22809,0
22810,0
22811,0
22812,0
22813,0
22814,0
22815,0
22816,1
22817,1
22818,0
22819,0
22820,0
22821,1
22822,0
22823,0
22824,0
22825,0
22826,0
22827,0
22828,0
22829,0
22830,0
22831,0
22832,0
22833,0
22834,0
22835,0
22836,1
22837,1
22838,0
22839,0
22840,1
22841,0
22842,0
22843,0
22844,0
22845,1
22846,0
22847,0
22848,0
22849,0
22850,1
22851,0
22852,0
22853,0
22854,1
22855,0
22856,1
22857,0
22858,0
22859,0
22860,0
22861,1
22862,0
22863,0
22864,0
22865,0
22866,0
22867,0
22868,0
22869,1
22870,0
22871,0
22872,0
22873,0
22874,0
22875,0
22876,0
22877,0
22878,0
22879,0
22880,0
22881,0
22882,0
22883,0
22884,0
22885,0
22886,0
22887,0
22888,1
22889,0
22890,0
22891,0
22892,0
22893,0
22894,0
22895,1
22896,0
22897,0
22898,0
22899,0
22900,0
22901,0
22902,1
22903,0
22904,1
22905,0
22906,0
22907,0
22908,0
22909,0
22910,0
22911,0
22912,0
22913,0
22914,0
22915,0
22916,0
22917,0
22918,0
22919,0
22920,1
22921,0
22922,0
22923,0
22924,0
22925,0
22926,0
22927,1
22928,0
22929,0
22930,1
22931,0
22932,0
22933,0
22934,0
22935,0
22936,0
22937,0
22938,1
22939,0
22940,0
22941,1
22942,0
22943,0
22944,0
22945,0
22946,0
22947,0
22948,0
22949,0
22950,0
22951,0
22952,1
22953,1
22954,1
22955,0
22956,0
22957,0
22958,0
22959,0
22960,1
22961,0
22962,1
22963,1
22964,0
22965,0
22966,0
22967,0
22968,0
22969,0
22970,0
22971,0
22972,0
22973,0
22974,1
22975,1
22976,0
22977,0
22978,1
22979,0
22980,0
22981,0
22982,0
22983,0
22984,0
22985,1
22986,1
22987,0
22988,0
22989,0
22990,0
22991,0
22992,0
22993,0
22994,0
22995,0
22996,0
22997,1
22998,1
22999,0
23000,0
23001,1
23002,0
23003,0
23004,0
23005,0
23006,0
23007,0
23008,0
23009,0
23010,1
23011,0
23012,0
23013,0
23014,0
23015,0
23016,0
23017,0
23018,0
23019,1
23020,0
23021,0
23022,0
23023,0
23024,0
23025,0
23026,0
23027,1
23028,0
23029,0
23030,0
23031,1
23032,0
23033,0
23034,0
23035,0
23036,0
23037,0
23038,1
23039,0
23040,0
23041,0
23042,0
23043,0
23044,1
23045,0
23046,0
23047,0
23048,0
23049,1
23050,0
23051,1
23052,0
23053,0
23054,0
23055,0
23056,0
23057,0
23058,0
23059,0
23060,0
23061,0
23062,0
23063,0
23064,0
23065,1
23066,0
23067,0
23068,1
23069,0
23070,0
23071,0
23072,0
23073,0
23074,0
23075,0
23076,0
23077,1
23078,0
23079,0
23080,0
23081,0
23082,0
23083,0
23084,0
23085,0
23086,0
23087,0
23088,0
23089,0
23090,0
23091,0
23092,1
23093,1
23094,1
23095,0
23096,0
23097,0
23098,0
23099,0
23100,0
23101,0
23102,0
23103,0
23104,0
23105,1
23106,0
23107,0
23108,1
23109,0
23110,0
23111,1
23112,0
23113,0
23114,0
23115,1
23116,0
23117,1
23118,0
23119,0
23120,0
23121,0
23122,0
23123,0
23124,0
23125,0
23126,0
23127,0
23128,1
23129,1
23130,1
23131,0
23132,0
23133,0
23134,1
23135,0
23136,0
23137,0
23138,0
23139,0
23140,0
23141,0
23142,0
23143,0
23144,0
23145,0
23146,0
23147,0
23148,0
23149,1
23150,0
23151,0
23152,0
23153,0
23154,0
23155,0
23156,0
23157,0
23158,0
23159,0
23160,1
23161,0
23162,0
23163,0
23164,1
23165,0
23166,0
23167,1
23168,0
23169,1
23170,0
23171,0
23172,0
23173,0
23174,0
23175,0
23176,0
23177,0
23178,0
23179,0
23180,1
23181,0
23182,0
23183,1
23184,1
23185,0
23186,0
23187,0
23188,1
23189,0
23190,0
23191,1
23192,1
23193,0
23194,0
23195,0
23196,0
23197,0
23198,0
23199,0
23200,0
23201,0
23202,0
23203,1
23204,0
23205,0
23206,0
23207,0
23208,0
23209,0
23210,1
23211,0
23212,0
23213,0
23214,0
23215,1
23216,0
23217,0
23218,1
23219,0
23220,0
23221,0
23222,1
23223,0
23224,0
23225,0
23226,0
23227,0
23228,1
23229,0
23230,0
23231,1
23232,0
23233,1
23234,0
23235,0
23236,0
23237,0
23238,0
23239,0
23240,0
23241,0
23242,0
23243,0
23244,0
23245,0
23246,0
23247,0
23248,0
23249,0
23250,0
23251,0
23252,1
23253,0
23254,0
23255,0
23256,0
23257,0
23258,1
23259,0
23260,0
23261,0
23262,0
23263,0
23264,0
23265,0
23266,1
23267,0
23268,0
23269,0
23270,0
23271,0
23272,1
23273,1
23274,0
23275,0
23276,0
23277,0
23278,0
23279,0
23280,0
23281,0
23282,1
23283,0
23284,0
23285,0
23286,0
23287,0
23288,0
23289,0
23290,0
23291,0
23292,0
23293,0
23294,0
23295,0
23296,1
23297,0
23298,0
23299,0
23300,0
23301,0
23302,0
23303,1
23304,0
23305,0
23306,0
23307,0
23308,0
23309,0
23310,0
23311,0
23312,0
23313,0
23314,0
23315,0
23316,0
23317,0
23318,0
23319,1
23320,0
23321,0
23322,1
23323,0
23324,0
23325,0
23326,0
23327,1
23328,0
23329,1
23330,0
23331,0
23332,0
23333,0
23334,0
23335,0
23336,0
23337,0
23338,0
23339,0
23340,0
23341,0
23342,0
23343,0
23344,1
23345,1
23346,1
23347,0
23348,0
23349,0
23350,0
23351,0
23352,0
23353,0
23354,0
23355,1
23356,0
23357,1
23358,0
23359,0
23360,1
23361,0
23362,0
23363,1
23364,0
23365,0
23366,1
23367,0
23368,1
23369,0
23370,0
23371,0
23372,0
23373,1
23374,0
23375,0
23376,0
23377,0
23378,0
23379,0
23380,0
23381,0
23382,1
23383,1
23384,0
23385,0
23386,0
23387,0
23388,1
23389,0
23390,0
23391,0
23392,0
23393,0
23394,1
23395,1
23396,0
23397,0
23398,1
23399,0
23400,1
23401,0
23402,0
23403,0
23404,1
23405,0
23406,0
23407,0
23408,0
23409,1
23410,1
23411,0
23412,0
23413,1
23414,0
23415,0
23416,0
23417,0
23418,0
23419,0
23420,0
23421,0
23422,0
23423,1
23424,0
23425,0
23426,0
23427,0
23428,1
23429,0
23430,0
23431,0
23432,1
23433,0
23434,0
23435,0
23436,0
23437,0
23438,0
23439,0
23440,0
23441,0
23442,1
23443,0
23444,0
23445,0
23446,0
23447,0
23448,0
23449,0
23450,0
23451,0
23452,0
23453,0
23454,1
23455,0
23456,0
23457,0
23458,0
23459,0
23460,0
23461,1
23462,0
23463,0
23464,0
23465,0
23466,0
23467,1
23468,1
23469,0
23470,1
23471,1
23472,0
23473,0
23474,0
23475,0
23476,0
23477,0
23478,0
23479,0
23480,0
23481,0
23482,0
23483,0
23484,0
23485,0
23486,1
23487,0
23488,0
23489,0
23490,1
23491,0
23492,0
23493,0
23494,1
23495,0
23496,0
23497,0
23498,1
23499,0
23500,0
23501,0
23502,0
23503,0
23504,0
23505,0
23506,1
23507,1
23508,0
23509,1
23510,0
23511,0
23512,0
23513,0
23514,0
23515,0
23516,0
23517,0
23518,0
23519,1
23520,0
23521,0
23522,1
23523,0
23524,0
23525,0
23526,1
23527,1
23528,0
23529,1
23530,1
23531,0
23532,0
23533,0
23534,0
23535,1
23536,0
23537,0
23538,0
23539,1
23540,1
23541,0
23542,1
23543,0
23544,0
23545,0
23546,0
23547,0
23548,0
23549,1
23550,0
23551,1
23552,0
23553,0
23554,0
23555,0
23556,0
23557,0
23558,1
23559,0
23560,0
23561,0
23562,0
23563,0
23564,0
23565,0
23566,0
23567,0
23568,1
23569,1
23570,1
23571,0
23572,0
23573,0
23574,0
23575,0
23576,0
23577,0
23578,0
23579,1
23580,0
23581,0
23582,0
23583,0
23584,0
23585,0
23586,0
23587,0
23588,0
23589,1
23590,0
23591,1
23592,1
23593,0
23594,0
23595,0
23596,1
23597,0
23598,0
23599,0
23600,0
23601,0
23602,1
23603,0
23604,0
23605,0
23606,1
23607,0
23608,0
23609,0
23610,1
23611,0
23612,0
23613,0
23614,0
23615,0
23616,0
23617,0
23618,0
23619,0
23620,1
23621,0
23622,0
23623,1
23624,0
23625,0
23626,1
23627,0
23628,0
23629,0
23630,0
23631,0
23632,0
23633,0
23634,0
23635,0
23636,1
23637,0
23638,0
23639,0
23640,0
23641,1
23642,0
23643,1
23644,0
23645,1
23646,1
23647,1
23648,0
23649,1
23650,0
23651,0
23652,0
23653,0
23654,1
23655,0
23656,0
23657,0
23658,0
23659,0
23660,0
23661,0
23662,0
23663,0
23664,1
23665,1
23666,0
23667,1
23668,1
23669,0
23670,1
23671,1
23672,0
23673,0
23674,0
23675,0
23676,0
23677,0
23678,0
23679,0
23680,0
23681,1
23682,1
23683,0
23684,0
23685,1
23686,1
23687,0
23688,0
23689,1
23690,0
23691,0
23692,0
23693,0
23694,0
23695,1
23696,0
23697,0
23698,0
23699,1
23700,0
23701,0
23702,0
23703,0
23704,0
23705,0
23706,0
23707,0
23708,1
23709,0
23710,0
23711,0
23712,0
23713,0
23714,1
23715,1
23716,0
23717,1
23718,1
23719,0
23720,0
23721,1
23722,0
23723,0
23724,0
23725,0
23726,0
23727,0
23728,0
23729,0
23730,0
23731,0
23732,0
23733,0
23734,1
23735,0
23736,0
23737,0
23738,0
23739,0
23740,0
23741,0
23742,0
23743,0
23744,0
23745,0
23746,0
23747,0
23748,0
23749,1
23750,1
23751,0
23752,0
23753,0
23754,1
23755,0
23756,0
23757,1
23758,0
23759,0
23760,0
23761,0
23762,0
23763,0
23764,0
23765,0
23766,0
23767,0
23768,0
23769,0
23770,1
23771,0
23772,0
23773,1
23774,0
23775,0
23776,0
23777,0
23778,1
23779,1
23780,0
23781,0
23782,0
23783,0
23784,0
23785,1
23786,0
23787,0
23788,0
23789,1
23790,0
23791,1
23792,0
23793,0
23794,0
23795,1
23796,0
23797,0
23798,0
23799,1
23800,0
23801,1
23802,0
23803,0
23804,0
23805,0
23806,0
23807,1
23808,0
23809,0
23810,1
23811,0
23812,0
23813,0
23814,0
23815,0
23816,0
23817,0
23818,0
23819,1
23820,0
23821,1
23822,0
23823,1
23824,0
23825,0
23826,0
23827,0
23828,0
23829,0
23830,1
23831,0
23832,0
23833,0
23834,1
23835,1
23836,1
23837,0
23838,0
23839,0
23840,0
23841,0
23842,1
23843,0
23844,0
23845,0
23846,1
23847,0
23848,0
23849,1
23850,1
23851,0
23852,0
23853,0
23854,0
23855,0
23856,0
23857,1
23858,0
23859,0
23860,1
23861,0
23862,0
23863,0
23864,0
23865,0
23866,0
23867,0
23868,0
23869,0
23870,0
23871,0
23872,0
23873,0
23874,0
23875,0
23876,1
23877,0
23878,0
23879,0
23880,0
23881,0
23882,0
23883,0
23884,0
23885,0
23886,0
23887,1
23888,0
23889,0
23890,1
23891,1
23892,0
23893,0
23894,1
23895,0
23896,0
23897,0
23898,1
23899,0
23900,0
23901,0
23902,0
23903,1
23904,0
23905,0
23906,0
23907,1
23908,0
23909,0
23910,0
23911,0
23912,0
23913,0
23914,1
23915,0
23916,0
23917,1
23918,0
23919,0
23920,0
23921,1
23922,0
23923,0
23924,1
23925,0
23926,1
23927,1
23928,0
23929,1
23930,0
23931,0
23932,1
23933,1
23934,1
23935,0
23936,0
23937,1
23938,0
23939,0
23940,0
23941,1
23942,0
23943,0
23944,0
23945,0
23946,0
23947,0
23948,0
23949,1
23950,0
23951,1
23952,0
23953,0
23954,0
23955,0
23956,0
23957,1
23958,0
23959,0
23960,0
23961,0
23962,0
23963,0
23964,0
23965,0
23966,1
23967,0
23968,0
23969,1
23970,0
23971,1
23972,0
23973,0
23974,1
23975,0
23976,0
23977,0
23978,0
23979,0
23980,0
23981,0
23982,0
23983,0
23984,0
23985,0
23986,0
23987,0
23988,0
23989,1
23990,0
23991,1
23992,0
23993,0
23994,0
23995,0
23996,0
23997,0
23998,0
23999,0
24000,0
24001,0
24002,1
24003,0
24004,0
24005,0
24006,0
24007,0
24008,1
24009,0
24010,0
24011,0
24012,0
24013,0
24014,0
24015,0
24016,0
24017,1
24018,0
24019,0
24020,1
24021,0
24022,0
24023,1
24024,0
24025,0
24026,0
24027,0
24028,0
24029,0
24030,1
24031,0
24032,0
24033,0
24034,0
24035,0
24036,0
24037,1
24038,0
24039,1
24040,1
24041,0
24042,0
24043,0
24044,1
24045,0
24046,0
24047,0
24048,0
24049,0
24050,1
24051,0
24052,0
24053,0
24054,0
24055,1
24056,0
24057,0
24058,1
24059,0
24060,0
24061,0
24062,1
24063,0
24064,0
24065,0
24066,0
24067,1
24068,0
24069,0
24070,1
24071,0
24072,0
24073,0
24074,0
24075,1
24076,0
24077,0
24078,0
24079,0
24080,0
24081,0
24082,0
24083,0
24084,0
24085,0
24086,0
24087,1
24088,0
24089,0
24090,1
24091,0
24092,0
24093,0
24094,0
24095,1
24096,1
24097,0
24098,0
24099,0
24100,0
24101,0
24102,0
24103,1
24104,0
24105,0
24106,1
24107,0
24108,0
24109,0
24110,0
24111,1
24112,0
24113,0
24114,0
24115,0
24116,1
24117,0
24118,0
24119,0
24120,0
24121,0
24122,0
24123,0
24124,0
24125,0
24126,0
24127,0
24128,0
24129,0
24130,0
24131,0
24132,0
24133,0
24134,1
24135,0
24136,1
24137,0
24138,0
24139,1
24140,0
24141,0
24142,0
24143,1
24144,0
24145,0
24146,0
24147,0
24148,0
24149,1
24150,0
24151,1
24152,0
24153,1
24154,0
24155,1
24156,0
24157,0
24158,0
24159,0
24160,0
24161,0
24162,0
24163,0
24164,0
24165,0
24166,0
24167,0
24168,0
24169,0
24170,0
24171,0
24172,0
24173,0
24174,1
24175,0
24176,0
24177,1
24178,0
24179,0
24180,0
24181,1
24182,0
24183,0
24184,0
24185,0
24186,0
24187,0
24188,0
24189,0
24190,0
24191,0
24192,0
24193,1
24194,0
24195,0
24196,1
24197,0
24198,0
24199,0
24200,0
24201,0
24202,0
24203,0
24204,0
24205,0
24206,0
24207,0
24208,0
24209,0
24210,0
24211,0
24212,0
24213,0
24214,0
24215,0
24216,1
24217,0
24218,1
24219,0
24220,0
24221,1
24222,0
24223,0
24224,0
24225,0
24226,0
24227,1
24228,0
24229,1
24230,0
24231,0
24232,0
24233,0
24234,1
24235,0
24236,0
24237,1
24238,1
24239,0
24240,0
24241,0
24242,0
24243,1
24244,0
24245,1
24246,0
24247,0
24248,0
24249,1
24250,0
24251,0
24252,0
24253,0
24254,1
24255,1
24256,0
24257,0
24258,0
24259,0
24260,0
24261,1
24262,1
24263,0
24264,0
24265,0
24266,0
24267,1
24268,0
24269,0
24270,0
24271,1
24272,0
24273,1
24274,0
24275,0
24276,0
24277,1
24278,0
24279,1
24280,1
24281,0
24282,1
24283,0
24284,0
24285,0
24286,0
24287,0
24288,0
24289,1
24290,0
24291,0
24292,1
24293,0
24294,0
24295,0
24296,0
24297,0
24298,0
24299,0
24300,0
24301,1
24302,0
24303,0
24304,0
24305,1
24306,0
24307,0
24308,0
24309,0
24310,0
24311,0
24312,0
24313,1
24314,0
24315,1
24316,0
24317,0
24318,0
24319,1
24320,0
24321,0
24322,0
24323,0
24324,0
24325,1
24326,0
24327,1
24328,0
24329,0
24330,0
24331,0
24332,0
24333,1
24334,0
24335,0
24336,0
24337,0
24338,0
24339,0
24340,0
24341,0
24342,0
24343,0
24344,1
24345,0
24346,0
24347,0
24348,0
24349,0
24350,0
24351,0
24352,0
24353,0
24354,0
24355,1
24356,0
24357,0
24358,0
24359,0
24360,0
24361,0
24362,1
24363,0
24364,0
24365,1
24366,0
24367,1
24368,0
24369,0
24370,0
24371,1
24372,0
24373,0
24374,0
24375,0
24376,0
24377,1
24378,1
24379,0
24380,0
24381,0
24382,0
24383,0
24384,1
24385,0
24386,0
24387,0
24388,1
24389,0
24390,0
24391,0
24392,0
24393,0
24394,0
24395,0
24396,0
24397,1
24398,0
24399,0
24400,1
24401,0
24402,0
24403,0
24404,0
24405,0
24406,0
24407,1
24408,1
24409,0
24410,0
24411,1
24412,0
24413,1
24414,0
24415,0
24416,0
24417,0
24418,0
24419,0
24420,0
24421,0
24422,0
24423,0
24424,0
24425,0
24426,0
24427,0
24428,0
24429,0
24430,1
24431,0
24432,0
24433,0
24434,0
24435,0
24436,0
24437,0
24438,0
24439,0
24440,0
24441,0
24442,0
24443,0
24444,0
24445,0
24446,0
24447,0
24448,1
24449,0
24450,0
24451,0
24452,0
24453,0
24454,0
24455,0
24456,0
24457,1
24458,0
24459,1
24460,0
24461,1
24462,0
24463,0
24464,0
24465,0
24466,0
24467,1
24468,0
24469,0
24470,0
24471,1
24472,0
24473,0
24474,0
24475,1
24476,0
24477,1
24478,0
24479,1
24480,0
24481,1
24482,0
24483,0
24484,0
24485,0
24486,0
24487,0
24488,0
24489,0
24490,0
24491,1
24492,0
24493,1
24494,0
24495,0
24496,0
24497,1
24498,0
24499,1
24500,0
24501,0
24502,0
24503,0
24504,0
24505,0
24506,1
24507,0
24508,0
24509,1
24510,0
24511,0
24512,1
24513,0
24514,0
24515,0
24516,0
24517,0
24518,1
24519,0
24520,0
24521,0
24522,0
24523,0
24524,0
24525,0
24526,0
24527,0
24528,0
24529,0
24530,0
24531,0
24532,0
24533,1
24534,0
24535,0
24536,0
24537,0
24538,0
24539,0
24540,1
24541,0
24542,1
24543,0
24544,1
24545,1
24546,0
24547,0
24548,1
24549,0
24550,1
24551,0
24552,0
24553,0
24554,0
24555,0
24556,1
24557,1
24558,0
24559,0
24560,0
24561,0
24562,0
24563,0
24564,0
24565,0
24566,0
24567,0
24568,0
24569,0
24570,0
24571,1
24572,0
24573,0
24574,0
24575,0
24576,0
24577,0
24578,0
24579,1
24580,0
24581,0
24582,1
24583,1
24584,1
24585,1
24586,0
24587,0
24588,0
24589,0
24590,0
24591,0
24592,0
24593,1
24594,0
24595,0
24596,0
24597,0
24598,0
24599,0
24600,1
24601,1
24602,0
24603,1
24604,0
24605,0
24606,1
24607,0
24608,0
24609,0
24610,0
24611,0
24612,1
24613,0
24614,1
24615,0
24616,0
24617,0
24618,0
24619,0
24620,0
24621,0
24622,0
24623,0
24624,0
24625,0
24626,1
24627,0
24628,0
24629,0
24630,0
24631,0
24632,0
24633,0
24634,0
24635,0
24636,0
24637,0
24638,1
24639,1
24640,0
24641,1
24642,1
24643,0
24644,0
24645,0
24646,1
24647,0
24648,0
24649,0
24650,1
24651,1
24652,0
24653,0
24654,1
24655,1
24656,0
24657,0
24658,1
24659,1
24660,1
24661,0
24662,0
24663,0
24664,0
24665,0
24666,0
24667,1
24668,0
24669,0
24670,0
24671,0
24672,0
24673,1
24674,0
24675,1
24676,0
24677,1
24678,0
24679,0
24680,1
24681,1
24682,0
24683,0
24684,0
24685,0
24686,0
24687,1
24688,1
24689,0
24690,0
24691,1
24692,0
24693,0
24694,1
24695,1
24696,0
24697,0
24698,0
24699,1
24700,0
24701,0
24702,0
24703,1
24704,0
24705,0
24706,0
24707,1
24708,1
24709,1
24710,0
24711,1
24712,0
24713,0
24714,0
24715,0
24716,0
24717,0
24718,0
24719,0
24720,0
24721,1
24722,0
24723,0
24724,1
24725,0
24726,0
24727,0
24728,0
24729,0
24730,0
24731,0
24732,0
24733,0
24734,0
24735,1
24736,0
24737,0
24738,0
24739,0
24740,0
24741,0
24742,0
24743,0
24744,1
24745,0
24746,0
24747,0
24748,1
24749,1
24750,0
24751,0
24752,0
24753,0
24754,1
24755,0
24756,1
24757,0
24758,0
24759,0
24760,0
24761,0
24762,0
24763,0
24764,0
24765,1
24766,1
24767,0
24768,1
24769,0
24770,0
24771,0
24772,0
24773,0
24774,0
24775,0
24776,0
24777,0
24778,0
24779,0
24780,0
24781,0
24782,0
24783,0
24784,1
24785,1
24786,1
24787,1
24788,0
24789,0
24790,0
24791,0
24792,0
24793,0
24794,0
24795,0
24796,0
24797,0
24798,0
24799,0
24800,0
24801,0
24802,0
24803,0
24804,0
24805,1
24806,0
24807,0
24808,0
24809,1
24810,0
24811,0
24812,0
24813,0
24814,0
24815,0
24816,1
24817,0
24818,0
24819,0
24820,0
24821,0
24822,0
24823,1
24824,0
24825,0
24826,1
24827,0
24828,0
24829,0
24830,0
24831,0
24832,0
24833,0
24834,0
24835,0
24836,0
24837,1
24838,0
24839,0
24840,0
24841,1
24842,1
24843,0
24844,0
24845,0
24846,0
24847,0
24848,0
24849,1
24850,0
24851,1
24852,1
24853,0
24854,0
24855,0
24856,0
24857,0
24858,0
24859,0
24860,0
24861,1
24862,0
24863,1
24864,0
24865,1
24866,1
24867,0
24868,0
24869,0
24870,0
24871,0
24872,0
24873,0
24874,1
24875,0
24876,0
24877,0
24878,0
24879,0
24880,0
24881,1
24882,1
24883,0
24884,0
24885,0
24886,0
24887,0
24888,0
24889,1
24890,0
24891,0
24892,0
24893,1
24894,0
24895,0
24896,0
24897,0
24898,0
24899,0
24900,0
24901,0
24902,1
24903,0
24904,0
24905,1
24906,1
24907,1
24908,0
24909,0
24910,0
24911,0
24912,0
24913,1
24914,0
24915,1
24916,0
24917,0
24918,0
24919,0
24920,1
24921,0
24922,1
24923,0
24924,1
24925,0
24926,0
24927,0
24928,1
24929,0
24930,0
24931,0
24932,0
24933,1
24934,1
24935,0
24936,0
24937,0
24938,0
24939,0
24940,1
24941,0
24942,0
24943,0
24944,0
24945,0
24946,0
24947,1
24948,0
24949,0
24950,0
24951,0
24952,0
24953,0
24954,0
24955,1
24956,1
24957,0
24958,0
24959,0
24960,0
24961,0
24962,1
24963,0
24964,0
24965,0
24966,0
24967,0
24968,0
24969,1
24970,0
24971,0
24972,0
24973,0
24974,0
24975,0
24976,1
24977,0
24978,0
24979,0
24980,0
24981,1
24982,1
24983,0
24984,1
24985,0
24986,0
24987,0
24988,0
24989,0
24990,0
24991,0
24992,0
24993,0
24994,0
24995,1
24996,0
24997,0
24998,0
24999,1
25000,0
25001,0
25002,0
25003,0
25004,0
25005,1
25006,0
25007,0
25008,0
25009,0
25010,0
25011,0
25012,0
25013,0
25014,0
25015,0
25016,0
25017,0
25018,0
25019,0
25020,0
25021,0
25022,1
25023,1
25024,1
25025,0
25026,0
25027,0
25028,0
25029,1
25030,1
25031,0
25032,0
25033,0
25034,0
25035,0
25036,1
25037,0
25038,0
25039,1
25040,0
25041,0
25042,1
25043,0
25044,0
25045,0
25046,0
25047,0
25048,0
25049,0
25050,0
25051,0
25052,1
25053,0
25054,0
25055,0
25056,1
25057,1
25058,0
25059,0
25060,0
25061,1
25062,0
25063,0
25064,0
25065,0
25066,0
25067,0
25068,1
25069,0
25070,0
25071,0
25072,0
25073,1
25074,1
25075,0
25076,0
25077,0
25078,1
25079,0
25080,0
25081,0
25082,1
25083,0
25084,1
25085,1
25086,0
25087,0
25088,0
25089,0
25090,0
25091,0
25092,0
25093,0
25094,0
25095,1
25096,0
25097,1
25098,0
25099,0
25100,0
25101,0
25102,0
25103,0
25104,0
25105,0
25106,0
25107,0
25108,0
25109,0
25110,0
25111,0
25112,0
25113,0
25114,1
25115,0
25116,1
25117,0
25118,0
25119,0
25120,1
25121,0
25122,0
25123,0
25124,0
25125,0
25126,0
25127,0
25128,0
25129,1
25130,0
25131,0
25132,1
25133,0
25134,0
25135,0
25136,0
25137,1
25138,0
25139,0
25140,0
25141,0
25142,0
25143,0
25144,1
25145,0
25146,0
25147,0
25148,1
25149,0
25150,0
25151,0
25152,0
25153,0
25154,0
25155,0
25156,0
25157,0
25158,1
25159,0
25160,0
25161,0
25162,0
25163,0
25164,1
25165,0
25166,1
25167,0
25168,1
25169,0
25170,0
25171,0
25172,0
25173,0
25174,0
25175,0
25176,0
25177,0
25178,0
25179,1
25180,0
25181,0
25182,0
25183,1
25184,0
25185,0
25186,1
25187,0
25188,0
25189,0
25190,0
25191,1
25192,0
25193,1
25194,1
25195,1
25196,0
25197,0
25198,0
25199,1
25200,1
25201,0
25202,0
25203,0
25204,0
25205,0
25206,0
25207,0
25208,0
25209,0
25210,1
25211,0
25212,1
25213,1
25214,0
25215,0
25216,0
25217,0
25218,1
25219,0
25220,0
25221,0
25222,1
25223,0
25224,0
25225,0
25226,0
25227,0
25228,0
25229,0
25230,0
25231,0
25232,0
25233,0
25234,0
25235,0
25236,0
25237,0
25238,0
25239,1
25240,0
25241,0
25242,0
25243,0
25244,1
25245,1
25246,0
25247,0
25248,0
25249,0
25250,1
25251,0
25252,0
25253,0
25254,1
25255,0
25256,0
25257,1
25258,0
25259,1
25260,0
25261,0
25262,1
25263,0
25264,1
25265,1
25266,1
25267,0
25268,0
25269,0
25270,0
25271,1
25272,0
25273,0
25274,0
25275,0
25276,1
25277,0
25278,1
25279,0
25280,0
25281,0
25282,0
25283,0
25284,0
25285,1
25286,0
25287,0
25288,0
25289,1
25290,0
25291,0
25292,0
25293,0
25294,0
25295,0
25296,0
25297,0
25298,1
25299,0
25300,0
25301,0
25302,0
25303,1
25304,0
25305,0
25306,0
25307,1
25308,0
25309,0
25310,0
25311,0
25312,0
25313,0
25314,1
25315,0
25316,0
25317,1
25318,0
25319,1
25320,0
25321,0
25322,0
25323,0
25324,0
25325,0
25326,0
25327,0
25328,0
25329,0
25330,1
25331,0
25332,0
25333,0
25334,0
25335,0
25336,1
25337,0
25338,1
25339,0
25340,0
25341,0
25342,0
25343,0
25344,1
25345,0
25346,0
25347,1
25348,0
25349,1
25350,0
25351,0
25352,0
25353,1
25354,0
25355,0
25356,0
25357,0
25358,0
25359,0
25360,0
25361,1
25362,0
25363,0
25364,1
25365,0
25366,0
25367,0
25368,0
25369,1
25370,1
25371,1
25372,0
25373,0
25374,1
25375,1
25376,0
25377,1
25378,0
25379,0
25380,0
25381,0
25382,0
25383,0
25384,1
25385,0
25386,1
25387,0
25388,0
25389,0
25390,0
25391,1
25392,0
25393,0
25394,0
25395,0
25396,0
25397,0
25398,0
25399,1
25400,1
25401,0
25402,0
25403,0
25404,0
25405,0
25406,1
25407,0
25408,0
25409,0
25410,0
25411,0
25412,0
25413,0
25414,0
25415,0
25416,0
25417,0
25418,0
25419,0
25420,0
25421,0
25422,1
25423,1
25424,0
25425,0
25426,1
25427,1
25428,0
25429,1
25430,0
25431,1
25432,0
25433,1
25434,0
25435,1
25436,0
25437,1
25438,0
25439,0
25440,0
25441,0
25442,0
25443,0
25444,1
25445,0
25446,0
25447,0
25448,0
25449,1
25450,0
25451,0
25452,1
25453,0
25454,0
25455,0
25456,0
25457,0
25458,0
25459,0
25460,0
25461,0
25462,0
25463,1
25464,0
25465,0
25466,0
25467,0
25468,0
25469,1
25470,0
25471,0
25472,0
25473,0
25474,0
25475,0
25476,1
25477,0
25478,0
25479,0
25480,0
25481,0
25482,0
25483,0
25484,1
25485,0
25486,0
25487,0
25488,0
25489,0
25490,0
25491,0
25492,1
25493,0
25494,0
25495,0
25496,0
25497,0
25498,0
25499,1
25500,0
25501,0
25502,0
25503,0
25504,1
25505,0
25506,0
25507,0
25508,1
25509,0
25510,0
25511,0
25512,0
25513,0
25514,0
25515,0
25516,0
25517,0
25518,0
25519,0
25520,0
25521,0
25522,0
25523,0
25524,0
25525,1
25526,0
25527,0
25528,1
25529,0
25530,0
25531,0
25532,0
25533,0
25534,0
25535,0
25536,0
25537,0
25538,0
25539,0
25540,1
25541,0
25542,0
25543,0
25544,1
25545,0
25546,0
25547,0
25548,0
25549,0
25550,0
25551,1
25552,1
25553,0
25554,0
25555,0
25556,0
25557,0
25558,0
25559,0
25560,0
25561,0
25562,0
25563,0
25564,1
25565,0
25566,0
25567,0
25568,1
25569,1
25570,0
25571,0
25572,0
25573,0
25574,1
25575,1
25576,0
25577,0
25578,0
25579,0
25580,0
25581,0
25582,0
25583,0
25584,0
25585,0
25586,0
25587,0
25588,1
25589,0
25590,1
25591,0
25592,0
25593,1
25594,1
25595,1
25596,0
25597,0
25598,0
25599,0
25600,0
25601,1
25602,0
25603,0
25604,0
25605,0
25606,0
25607,0
25608,0
25609,1
25610,0
25611,1
25612,1
25613,0
25614,0
25615,1
25616,0
25617,0
25618,1
25619,1
25620,0
25621,0
25622,1
25623,0
25624,0
25625,0
25626,0
25627,0
25628,0
25629,0
25630,0
25631,0
25632,0
25633,0
25634,0
25635,1
25636,0
25637,0
25638,1
25639,0
25640,0
25641,0
25642,1
25643,0
25644,0
25645,1
25646,0
25647,0
25648,1
25649,0
25650,0
25651,0
25652,0
25653,0
25654,0
25655,0
25656,0
25657,0
25658,1
25659,1
25660,0
25661,0
25662,0
25663,1
25664,0
25665,0
25666,0
25667,0
25668,1
25669,0
25670,1
25671,1
25672,0
25673,0
25674,1
25675,0
25676,0
25677,0
25678,0
25679,0
25680,0
25681,1
25682,0
25683,0
25684,1
25685,1
25686,0
25687,0
25688,0
25689,0
25690,0
25691,0
25692,0
25693,1
25694,1
25695,0
25696,0
25697,0
25698,0
25699,0
25700,0
25701,0
25702,0
25703,0
25704,0
25705,0
25706,0
25707,1
25708,1
25709,0
25710,1
25711,0
25712,0
25713,1
25714,1
25715,1
25716,1
25717,0
25718,1
25719,0
25720,0
25721,0
25722,0
25723,0
25724,0
25725,1
25726,0
25727,1
25728,1
25729,0
25730,0
25731,0
25732,0
25733,1
25734,1
25735,0
25736,1
25737,0
25738,0
25739,1
25740,0
25741,0
25742,0
25743,0
25744,0
25745,0
25746,0
25747,1
25748,0
25749,0
25750,0
25751,0
25752,0
25753,1
25754,0
25755,0
25756,0
25757,0
25758,1
25759,0
25760,1
25761,0
25762,0
25763,1
25764,0
25765,0
25766,0
25767,0
25768,0
25769,1
25770,0
25771,0
25772,0
25773,1
25774,1
25775,0
25776,0
25777,0
25778,0
25779,0
25780,0
25781,0
25782,0
25783,0
25784,1
25785,0
25786,0
25787,1
25788,0
25789,0
25790,1
25791,0
25792,0
25793,1
25794,0
25795,0
25796,0
25797,0
25798,0
25799,0
25800,0
25801,1
25802,0
25803,0
25804,0
25805,0
25806,1
25807,0
25808,0
25809,1
25810,1
25811,1
25812,0
25813,1
25814,0
25815,0
25816,0
25817,0
25818,0
25819,0
25820,1
25821,0
25822,0
25823,0
25824,0
25825,0
25826,1
25827,0
25828,1
25829,0
25830,0
25831,0
25832,0
25833,0
25834,1
25835,0
25836,0
25837,0
25838,0
25839,0
25840,1
25841,0
25842,0
25843,0
25844,0
25845,0
25846,0
25847,1
25848,1
25849,0
25850,0
25851,1
25852,0
25853,0
25854,0
25855,1
25856,0
25857,0
25858,0
25859,0
25860,1
25861,1
25862,0
25863,0
25864,1
25865,0
25866,1
25867,0
25868,0
25869,0
25870,0
25871,0
25872,0
25873,1
25874,0
25875,0
25876,1
25877,0
25878,1
25879,0
25880,1
25881,0
25882,0
25883,0
25884,0
25885,0
25886,0
25887,1
25888,0
25889,0
25890,0
25891,1
25892,1
25893,0
25894,0
25895,0
25896,0
25897,0
25898,0
25899,0
25900,0
25901,0
25902,0
25903,1
25904,0
25905,0
25906,0
25907,0
25908,0
25909,0
25910,0
25911,0
25912,0
25913,0
25914,0
25915,0
25916,1
25917,1
25918,0
25919,0
25920,0
25921,0
25922,0
25923,0
25924,0
25925,0
25926,0
25927,0
25928,0
25929,0
25930,0
25931,0
25932,0
25933,0
25934,0
25935,0
25936,1
25937,0
25938,0
25939,1
25940,0
25941,0
25942,0
25943,0
25944,0
25945,0
25946,0
25947,0
25948,1
25949,1
25950,1
25951,0
25952,0
25953,1
25954,0
25955,0
25956,0
25957,0
25958,0
25959,0
25960,0
25961,1
25962,1
25963,0
25964,0
25965,0
25966,0
25967,1
25968,0
25969,0
25970,0
25971,0
25972,0
25973,0
25974,0
25975,1
25976,0
25977,1
25978,0
25979,1
25980,0
25981,0
25982,0
25983,0
25984,0
25985,1
25986,1
25987,1
25988,0
25989,0
25990,0
25991,0
25992,0
25993,0
25994,0
25995,0
25996,0
25997,1
25998,0
25999,0
26000,0
26001,0
26002,0
26003,0
26004,0
26005,0
26006,0
26007,0
26008,1
26009,1
26010,0
26011,0
26012,0
26013,0
26014,0
26015,0
26016,0
26017,0
26018,0
26019,0
26020,0
26021,0
26022,1
26023,0
26024,0
26025,1
26026,1
26027,0
26028,1
26029,0
26030,0
26031,0
26032,0
26033,0
26034,0
26035,0
26036,0
26037,0
26038,0
26039,0
26040,1
26041,0
26042,0
26043,0
26044,1
26045,0
26046,0
26047,0
26048,0
26049,0
26050,0
26051,0
26052,0
26053,0
26054,0
26055,0
26056,0
26057,0
26058,1
26059,0
26060,0
26061,0
26062,0
26063,0
26064,0
26065,0
26066,0
26067,0
26068,0
26069,0
26070,0
26071,0
26072,0
26073,1
26074,0
26075,0
26076,0
26077,0
26078,0
26079,0
26080,0
26081,0
26082,0
26083,0
26084,0
26085,0
26086,0
26087,0
26088,1
26089,1
26090,0
26091,0
26092,0
26093,0
26094,0
26095,0
26096,0
26097,1
26098,0
26099,1
26100,0
26101,0
26102,0
26103,0
26104,1
26105,0
26106,0
26107,0
26108,0
26109,0
26110,0
26111,0
26112,0
26113,0
26114,0
26115,1
26116,0
26117,0
26118,0
26119,1
26120,0
26121,0
26122,0
26123,0
26124,0
26125,0
26126,0
26127,0
26128,0
26129,1
26130,0
26131,0
26132,0
26133,0
26134,0
26135,0
26136,0
26137,0
26138,0
26139,0
26140,0
26141,0
26142,1
26143,0
26144,1
26145,1
26146,0
26147,0
26148,1
26149,0
26150,0
26151,0
26152,0
26153,1
26154,0
26155,0
26156,0
26157,0
26158,0
26159,0
26160,1
26161,1
26162,1
26163,0
26164,0
26165,1
26166,0
26167,0
26168,0
26169,0
26170,0
26171,1
26172,0
26173,1
26174,1
26175,0
26176,0
26177,0
26178,0
26179,0
26180,0
26181,0
26182,0
26183,0
26184,0
26185,0
26186,0
26187,0
26188,0
26189,0
26190,0
26191,0
26192,1
26193,0
26194,1
26195,0
26196,1
26197,1
26198,0
26199,0
26200,0
26201,0
26202,0
26203,1
26204,0
26205,0
26206,0
26207,0
26208,1
26209,1
26210,0
26211,1
26212,0
26213,0
26214,0
26215,0
26216,1
26217,1
26218,1
26219,0
26220,1
26221,0
26222,0
26223,0
26224,0
26225,0
26226,1
26227,0
26228,1
26229,0
26230,0
26231,0
26232,0
26233,0
26234,0
26235,0
26236,1
26237,0
26238,0
26239,0
26240,0
26241,1
26242,0
26243,0
26244,0
26245,0
26246,1
26247,0
26248,1
26249,0
26250,0
26251,0
26252,0
26253,0
26254,0
26255,0
26256,1
26257,0
26258,0
26259,0
26260,0
26261,0
26262,0
26263,0
26264,0
26265,0
26266,0
26267,0
26268,0
26269,1
26270,0
26271,0
26272,0
26273,1
26274,0
26275,0
26276,0
26277,1
26278,1
26279,1
26280,0
26281,1
26282,0
26283,0
26284,0
26285,0
26286,0
26287,0
26288,0
26289,0
26290,0
26291,1
26292,0
26293,0
26294,0
26295,0
26296,0
26297,1
26298,0
26299,0
26300,0
26301,0
26302,0
26303,0
26304,0
26305,1
26306,0
26307,1
26308,0
26309,0
26310,0
26311,1
26312,0
26313,0
26314,0
26315,0
26316,0
26317,0
26318,0
26319,0
26320,0
26321,1
26322,1
26323,0
26324,0
26325,0
26326,0
26327,0
26328,0
26329,1
26330,0
26331,0
26332,0
26333,1
26334,1
26335,0
26336,1
26337,0
26338,0
26339,0
26340,0
26341,1
26342,0
26343,0
26344,0
26345,0
26346,1
26347,0
26348,0
26349,0
26350,0
26351,0
26352,0
26353,0
26354,0
26355,0
26356,0
26357,0
26358,0
26359,1
26360,0
26361,0
26362,1
26363,1
26364,0
26365,0
26366,0
26367,0
26368,1
26369,0
26370,0
26371,1
26372,0
26373,0
26374,1
26375,1
26376,0
26377,0
26378,0
26379,0
26380,0
26381,1
26382,0
26383,0
26384,1
26385,0
26386,0
26387,0
26388,0
26389,0
26390,1
26391,0
26392,0
26393,0
26394,0
26395,0
26396,0
26397,0
26398,1
26399,1
26400,0
26401,0
26402,1
26403,0
26404,0
26405,0
26406,0
26407,0
26408,0
26409,1
26410,0
26411,0
26412,0
26413,0
26414,0
26415,0
26416,0
26417,0
26418,0
26419,0
26420,0
26421,0
26422,0
26423,0
26424,1
26425,0
26426,1
26427,1
26428,0
26429,0
26430,0
26431,0
26432,0
26433,1
26434,0
26435,1
26436,1
26437,1
26438,0
26439,0
26440,1
26441,0
26442,0
26443,0
26444,0
26445,0
26446,0
26447,1
26448,0
26449,0
26450,0
26451,0
26452,0
26453,0
26454,0
26455,0
26456,0
26457,0
26458,0
26459,0
26460,0
26461,0
26462,0
26463,0
26464,0
26465,0
26466,0
26467,0
26468,0
26469,0
26470,1
26471,0
26472,0
26473,0
26474,1
26475,0
26476,0
26477,1
26478,0
26479,0
26480,0
26481,0
26482,0
26483,0
26484,0
26485,0
26486,0
26487,0
26488,0
26489,1
26490,1
26491,0
26492,1
26493,0
26494,0
26495,0
26496,1
26497,0
26498,0
26499,0
26500,0
26501,0
26502,1
26503,0
26504,0
26505,0
26506,1
26507,0
26508,0
26509,0
26510,0
26511,0
26512,1
26513,0
26514,0
26515,0
26516,0
26517,0
26518,0
26519,1
26520,1
26521,0
26522,1
26523,1
26524,0
26525,0
26526,0
26527,0
26528,1
26529,0
26530,0
26531,0
26532,0
26533,0
26534,0
26535,0
26536,0
26537,0
26538,0
26539,0
26540,1
26541,0
26542,1
26543,1
26544,1
26545,0
26546,0
26547,1
26548,1
26549,0
26550,0
26551,0
26552,1
26553,0
26554,0
26555,0
26556,0
26557,0
26558,0
26559,1
26560,0
26561,0
26562,1
26563,0
26564,0
26565,0
26566,1
26567,1
26568,0
26569,1
26570,0
26571,1
26572,1
26573,0
26574,0
26575,0
26576,0
26577,0
26578,0
26579,0
26580,0
26581,0
26582,1
26583,1
26584,0
26585,0
26586,0
26587,0
26588,1
26589,0
26590,0
26591,0
26592,1
26593,0
26594,0
26595,0
26596,0
26597,0
26598,0
26599,1
26600,0
26601,0
26602,0
26603,0
26604,0
26605,0
26606,0
26607,0
26608,0
26609,0
26610,1
26611,0
26612,0
26613,1
26614,0
26615,0
26616,0
26617,1
26618,0
26619,0
26620,0
26621,1
26622,0
26623,1
26624,0
26625,0
26626,1
26627,0
26628,0
26629,0
26630,0
26631,0
26632,0
26633,0
26634,0
26635,0
26636,0
26637,0
26638,0
26639,1
26640,0
26641,0
26642,0
26643,0
26644,0
26645,0
26646,0
26647,0
26648,0
26649,0
26650,0
26651,1
26652,0
26653,0
26654,0
26655,1
26656,0
26657,0
26658,0
26659,0
26660,0
26661,0
26662,0
26663,0
26664,0
26665,0
26666,0
26667,1
26668,0
26669,0
26670,0
26671,0
26672,0
26673,0
26674,0
26675,0
26676,0
26677,0
26678,0
26679,0
26680,0
26681,0
26682,0
26683,0
26684,1
26685,1
26686,1
26687,0
26688,0
26689,1
26690,0
26691,0
26692,0
26693,0
26694,0
26695,1
26696,0
26697,0
26698,1
26699,0
26700,0
26701,1
26702,1
26703,1
26704,1
26705,0
26706,0
26707,0
26708,1
26709,0
26710,0
26711,0
26712,0
26713,0
26714,0
26715,0
26716,0
26717,0
26718,0
26719,0
26720,0
26721,1
26722,0
26723,0
26724,0
26725,0
26726,1
26727,0
26728,0
26729,0
26730,0
26731,0
26732,0
26733,0
26734,0
26735,0
26736,1
26737,0
26738,0
26739,0
26740,1
26741,0
26742,0
26743,1
26744,0
26745,0
26746,0
26747,0
26748,0
26749,0
26750,0
26751,0
26752,0
26753,0
26754,0
26755,0
26756,0
26757,1
26758,0
26759,0
26760,1
26761,0
26762,0
26763,0
26764,0
26765,0
26766,0
26767,0
26768,0
26769,0
26770,0
26771,0
26772,0
26773,0
26774,1
26775,0
26776,1
26777,0
26778,1
26779,0
26780,0
26781,0
26782,0
26783,0
26784,0
26785,1
26786,0
26787,0
26788,0
26789,0
26790,1
26791,0
26792,0
26793,0
26794,0
26795,0
26796,1
26797,0
26798,0
26799,0
26800,0
26801,0
26802,1
26803,0
26804,0
26805,1
26806,0
26807,0
26808,0
26809,0
26810,1
26811,0
26812,0
26813,0
26814,1
26815,0
26816,0
26817,0
26818,0
26819,0
26820,0
26821,0
26822,1
26823,0
26824,0
26825,0
26826,0
26827,0
26828,1
26829,0
26830,0
26831,0
26832,0
26833,0
26834,1
26835,0
26836,0
26837,0
26838,0
26839,1
26840,1
26841,0
26842,0
26843,0
26844,0
26845,0
26846,0
26847,0
26848,0
26849,1
26850,0
26851,0
26852,0
26853,0
26854,1
26855,0
26856,0
26857,1
26858,0
26859,0
26860,1
26861,0
26862,1
26863,0
26864,0
26865,1
26866,1
26867,0
26868,0
26869,0
26870,0
26871,0
26872,1
26873,1
26874,0
26875,0
26876,1
26877,0
26878,0
26879,0
26880,0
26881,0
26882,0
26883,0
26884,0
26885,0
26886,1
26887,0
26888,0
26889,1
26890,0
26891,0
26892,0
26893,0
26894,0
26895,0
26896,0
26897,0
26898,1
26899,0
26900,0
26901,0
26902,0
26903,0
26904,0
26905,0
26906,0
26907,0
26908,0
26909,0
26910,0
26911,0
26912,0
26913,0
26914,0
26915,0
26916,0
26917,1
26918,0
26919,1
26920,0
26921,0
26922,0
26923,0
26924,1
26925,0
26926,1
26927,1
26928,1
26929,0
26930,1
26931,0
26932,1
26933,1
26934,1
26935,0
26936,1
26937,0
26938,0
26939,0
26940,0
26941,0
26942,0
26943,0
26944,0
26945,0
26946,0
26947,0
26948,0
26949,0
26950,0
26951,0
26952,0
26953,1
26954,1
26955,0
26956,0
26957,0
26958,0
26959,0
26960,0
26961,0
26962,0
26963,0
26964,0
26965,1
26966,0
26967,0
26968,0
26969,0
26970,0
26971,1
26972,0
26973,0
26974,0
26975,0
26976,1
26977,0
26978,0
26979,0
26980,0
26981,0
26982,0
26983,1
26984,1
26985,0
26986,0
26987,0
26988,0
26989,0
26990,1
26991,0
26992,0
26993,1
26994,0
26995,0
26996,1
26997,1
26998,0
26999,0
27000,1
27001,0
27002,0
27003,0
27004,0
27005,0
27006,1
27007,0
27008,0
27009,0
27010,0
27011,0
27012,0
27013,0
27014,0
27015,0
27016,0
27017,1
27018,1
27019,0
27020,0
27021,1
27022,0
27023,1
27024,1
27025,0
27026,0
27027,0
27028,0
27029,0
27030,1
27031,1
27032,0
27033,0
27034,1
27035,0
27036,0
27037,0
27038,0
27039,0
27040,0
27041,0
27042,0
27043,1
27044,1
27045,0
27046,0
27047,0
27048,1
27049,0
27050,0
27051,0
27052,0
27053,0
27054,0
27055,1
27056,0
27057,1
27058,1
27059,1
27060,1
27061,0
27062,0
27063,0
27064,0
27065,0
27066,1
27067,0
27068,0
27069,0
27070,0
27071,1
27072,0
27073,0
27074,0
27075,1
27076,0
27077,0
27078,0
27079,0
27080,0
27081,0
27082,0
27083,1
27084,1
27085,0
27086,0
27087,0
27088,0
27089,0
27090,0
27091,0
27092,0
27093,0
27094,0
27095,0
27096,0
27097,0
27098,0
27099,0
27100,0
27101,0
27102,1
27103,0
27104,0
27105,0
27106,1
27107,0
27108,1
27109,0
27110,0
27111,0
27112,0
27113,1
27114,0
27115,0
27116,1
27117,0
27118,1
27119,1
27120,0
27121,0
27122,0
27123,0
27124,0
27125,0
27126,1
27127,0
27128,0
27129,0
27130,1
27131,0
27132,0
27133,0
27134,0
27135,0
27136,0
27137,0
27138,0
27139,0
27140,0
27141,0
27142,0
27143,0
27144,1
27145,0
27146,0
27147,0
27148,1
27149,0
27150,0
27151,0
27152,0
27153,0
27154,0
27155,1
27156,0
27157,1
27158,0
27159,0
27160,1
27161,0
27162,0
27163,0
27164,0
27165,0
27166,0
27167,0
27168,1
27169,0
27170,0
27171,1
27172,0
27173,0
27174,0
27175,0
27176,0
27177,0
27178,1
27179,0
27180,0
27181,0
27182,0
27183,0
27184,0
27185,0
27186,1
27187,0
27188,0
27189,0
27190,0
27191,0
27192,0
27193,0
27194,0
27195,0
27196,0
27197,0
27198,0
27199,0
27200,1
27201,0
27202,0
27203,1
27204,1
27205,1
27206,0
27207,0
27208,0
27209,0
27210,0
27211,0
27212,1
27213,0
27214,0
27215,0
27216,0
27217,0
27218,1
27219,0
27220,0
27221,0
27222,0
27223,1
27224,0
27225,0
27226,0
27227,0
27228,0
27229,1
27230,0
27231,0
27232,0
27233,0
27234,0
27235,0
27236,0
27237,0
27238,1
27239,0
27240,0
27241,0
27242,0
27243,0
27244,1
27245,0
27246,0
27247,0
27248,0
27249,0
27250,0
27251,0
27252,0
27253,0
27254,1
27255,0
27256,0
27257,0
27258,0
27259,0
27260,0
27261,0
27262,0
27263,0
27264,1
27265,0
27266,0
27267,0
27268,1
27269,0
27270,0
27271,0
27272,0
27273,0
27274,0
27275,1
27276,0
27277,0
27278,0
27279,1
27280,0
27281,1
27282,0
27283,0
27284,0
27285,0
27286,1
27287,0
27288,0
27289,0
27290,1
27291,0
27292,0
27293,0
27294,1
27295,1
27296,1
27297,0
27298,0
27299,1
27300,0
27301,1
27302,1
27303,1
27304,0
27305,0
27306,0
27307,0
27308,0
27309,0
27310,0
27311,0
27312,0
27313,0
27314,0
27315,0
27316,0
27317,1
27318,1
27319,0
27320,0
27321,0
27322,0
27323,0
27324,1
27325,0
27326,0
27327,1
27328,1
27329,0
27330,0
27331,0
27332,0
27333,0
27334,0
27335,0
27336,0
27337,0
27338,0
27339,0
27340,0
27341,0
27342,0
27343,1
27344,1
27345,0
27346,0
27347,0
27348,0
27349,0
27350,0
27351,0
27352,1
27353,1
27354,1
27355,0
27356,0
27357,0
27358,0
27359,0
27360,0
27361,0
27362,0
27363,0
27364,0
27365,0
27366,1
27367,0
27368,0
27369,0
27370,0
27371,0
27372,1
27373,0
27374,1
27375,1
27376,0
27377,0
27378,0
27379,0
27380,0
27381,0
27382,0
27383,0
27384,0
27385,0
27386,0
27387,0
27388,0
27389,0
27390,1
27391,0
27392,1
27393,0
27394,0
27395,0
27396,0
27397,0
27398,0
27399,1
27400,0
27401,1
27402,0
27403,0
27404,0
27405,0
27406,0
27407,1
27408,0
27409,0
27410,0
27411,0
27412,0
27413,0
27414,0
27415,0
27416,0
27417,1
27418,0
27419,1
27420,1
27421,0
27422,0
27423,0
27424,1
27425,0
27426,0
27427,0
27428,0
27429,0
27430,0
27431,0
27432,0
27433,0
27434,1
27435,1
27436,1
27437,0
27438,0
27439,0
27440,0
27441,0
27442,0
27443,0
27444,0
27445,0
27446,0
27447,0
27448,0
27449,0
27450,1
27451,0
27452,0
27453,0
27454,1
27455,0
27456,0
27457,1
27458,0
27459,0
27460,0
27461,0
27462,0
27463,0
27464,0
27465,0
27466,0
27467,0
27468,0
27469,0
27470,1
27471,0
27472,0
27473,0
27474,0
27475,0
27476,0
27477,0
27478,0
27479,0
27480,0
27481,0
27482,1
27483,0
27484,0
27485,0
27486,0
27487,0
27488,1
27489,0
27490,0
27491,0
27492,0
27493,0
27494,0
27495,0
27496,0
27497,0
27498,0
27499,0
27500,0
27501,0
27502,1
27503,0
27504,0
27505,1
27506,1
27507,0
27508,0
27509,0
27510,0
27511,0
27512,1
27513,0
27514,0
27515,0
27516,0
27517,1
27518,0
27519,0
27520,0
27521,0
27522,0
27523,0
27524,0
27525,0
27526,0
27527,1
27528,1
27529,0
27530,1
27531,0
27532,0
27533,0
27534,0
27535,1
27536,0
27537,0
27538,0
27539,0
27540,0
27541,0
27542,1
27543,0
27544,0
27545,0
27546,0
27547,0
27548,0
27549,1
27550,1
27551,0
27552,0
27553,0
27554,1
27555,1
27556,0
27557,0
27558,0
27559,0
27560,0
27561,1
27562,0
27563,0
27564,1
27565,0
27566,0
27567,0
27568,0
27569,0
27570,0
27571,0
27572,0
27573,0
27574,0
27575,0
27576,1
27577,1
27578,0
27579,0
27580,1
27581,0
27582,0
27583,1
27584,0
27585,1
27586,0
27587,0
27588,0
27589,0
27590,0
27591,0
27592,0
27593,0
27594,0
27595,1
27596,0
27597,0
27598,0
27599,0
27600,0
27601,1
27602,1
27603,0
27604,0
27605,1
27606,0
27607,0
27608,1
27609,0
27610,1
27611,0
27612,1
27613,1
27614,0
27615,0
27616,0
27617,0
27618,1
27619,0
27620,0
27621,0
27622,0
27623,1
27624,0
27625,1
27626,0
27627,0
27628,0
27629,0
27630,0
27631,0
27632,1
27633,0
27634,1
27635,0
27636,0
27637,0
27638,1
27639,0
27640,0
27641,1
27642,0
27643,0
27644,0
27645,1
27646,0
27647,0
27648,0
27649,0
27650,1
27651,0
27652,0
27653,1
27654,0
27655,0
27656,0
27657,0
27658,0
27659,0
27660,0
27661,0
27662,0
27663,0
27664,0
27665,0
27666,0
27667,1
27668,0
27669,0
27670,0
27671,0
27672,0
27673,1
27674,0
27675,1
27676,0
27677,0
27678,0
27679,0
27680,1
27681,1
27682,0
27683,0
27684,1
27685,0
27686,1
27687,0
27688,0
27689,1
27690,1
27691,0
27692,1
27693,0
27694,1
27695,0
27696,0
27697,1
27698,0
27699,0
27700,0
27701,0
27702,0
27703,0
27704,1
27705,0
27706,0
27707,0
27708,0
27709,0
27710,0
27711,0
27712,0
27713,0
27714,0
27715,0
27716,1
27717,1
27718,0
27719,0
27720,0
27721,0
27722,0
27723,0
27724,0
27725,0
27726,1
27727,1
27728,0
27729,0
27730,0
27731,0
27732,0
27733,0
27734,0
27735,0
27736,0
27737,0
27738,0
27739,0
27740,0
27741,0
27742,0
27743,0
27744,0
27745,0
27746,0
27747,0
27748,1
27749,0
27750,0
27751,0
27752,0
27753,0
27754,0
27755,1
27756,0
27757,0
27758,0
27759,0
27760,1
27761,0
27762,0
27763,0
27764,0
27765,0
27766,0
27767,1
27768,0
27769,1
27770,0
27771,0
27772,1
27773,0
27774,1
27775,1
27776,1
27777,0
27778,0
27779,1
27780,0
27781,0
27782,0
27783,1
27784,0
27785,1
27786,0
27787,1
27788,0
27789,1
27790,0
27791,0
27792,0
27793,1
27794,0
27795,0
27796,0
27797,0
27798,0
27799,1
27800,1
27801,0
27802,0
27803,0
27804,0
27805,0
27806,1
27807,0
27808,0
27809,0
27810,0
27811,0
27812,0
27813,0
27814,1
27815,0
27816,1
27817,1
27818,0
27819,0
27820,0
27821,0
27822,0
27823,0
27824,0
27825,0
27826,0
27827,0
27828,0
27829,0
27830,1
27831,1
27832,1
27833,1
27834,0
27835,1
27836,0
27837,0
27838,0
27839,0
27840,0
27841,0
27842,1
27843,0
27844,0
27845,0
27846,0
27847,0
27848,0
27849,1
27850,0
27851,0
27852,0
27853,0
27854,0
27855,1
27856,1
27857,0
27858,0
27859,0
27860,0
27861,0
27862,0
27863,1
27864,0
27865,1
27866,0
27867,1
27868,0
27869,1
27870,0
27871,0
27872,0
27873,0
27874,0
27875,0
27876,1
27877,0
27878,0
27879,0
27880,1
27881,0
27882,0
27883,0
27884,0
27885,0
27886,0
27887,1
27888,0
27889,1
27890,0
27891,0
27892,1
27893,0
27894,0
27895,0
27896,0
27897,1
27898,0
27899,1
27900,0
27901,0
27902,0
27903,0
27904,1
27905,0
27906,0
27907,0
27908,1
27909,0
27910,0
27911,0
27912,0
27913,0
27914,0
27915,0
27916,0
27917,1
27918,0
27919,0
27920,0
27921,0
27922,0
27923,0
27924,0
27925,0
27926,0
27927,0
27928,0
27929,1
27930,1
27931,0
27932,1
27933,0
27934,0
27935,1
27936,0
27937,1
27938,1
27939,0
27940,0
27941,0
27942,0
27943,1
27944,0
27945,0
27946,1
27947,1
27948,0
27949,0
27950,0
27951,1
27952,0
27953,0
27954,1
27955,0
27956,0
27957,0
27958,1
27959,0
27960,0
27961,1
27962,0
27963,0
27964,0
27965,0
27966,1
27967,0
27968,1
27969,0
27970,0
27971,1
27972,0
27973,1
27974,0
27975,1
27976,0
27977,0
27978,1
27979,1
27980,1
27981,0
27982,0
27983,0
27984,0
27985,0
27986,0
27987,0
27988,0
27989,0
27990,0
27991,0
27992,0
27993,1
27994,1
27995,0
27996,1
27997,0
27998,0
27999,1
28000,0
28001,0
28002,0
28003,0
28004,0
28005,0
28006,1
28007,0
28008,0
28009,0
28010,0
28011,0
28012,1
28013,0
28014,0
28015,0
28016,1
28017,0
28018,0
28019,0
28020,0
28021,0
28022,0
28023,0
28024,0
28025,0
28026,0
28027,0
28028,0
28029,1
28030,0
28031,1
28032,0
28033,1
28034,0
28035,0
28036,0
28037,0
28038,0
28039,0
28040,0
28041,0
28042,1
28043,0
28044,0
28045,0
28046,0
28047,0
28048,0
28049,0
28050,0
28051,0
28052,0
28053,0
28054,0
28055,0
28056,0
28057,1
28058,1
28059,1
28060,0
28061,0
28062,0
28063,0
28064,1
28065,0
28066,0
28067,1
28068,0
28069,0
28070,0
28071,0
28072,0
28073,0
28074,0
28075,1
28076,0
28077,0
28078,0
28079,0
28080,0
28081,0
28082,0
28083,0
28084,1
28085,0
28086,1
28087,0
28088,0
28089,0
28090,0
28091,0
28092,1
28093,0
28094,0
28095,0
28096,1
28097,0
28098,0
28099,0
28100,0
28101,0
28102,0
28103,0
28104,0
28105,1
28106,0
28107,1
28108,0
28109,1
28110,0
28111,1
28112,0
28113,0
28114,0
28115,0
28116,0
28117,0
28118,0
28119,0
28120,1
28121,0
28122,0
28123,0
28124,0
28125,0
28126,0
28127,0
28128,1
28129,0
28130,0
28131,0
28132,0
28133,0
28134,0
28135,1
28136,0
28137,0
28138,1
28139,0
28140,0
28141,0
28142,0
28143,1
28144,0
28145,0
28146,0
28147,0
28148,1
28149,0
28150,0
28151,0
28152,1
28153,0
28154,1
28155,0
28156,0
28157,1
28158,0
28159,0
28160,0
28161,0
28162,0
28163,1
28164,0
28165,0
28166,0
28167,0
28168,0
28169,0
28170,0
28171,0
28172,0
28173,0
28174,0
28175,0
28176,0
28177,0
28178,0
28179,0
28180,0
28181,0
28182,0
28183,0
28184,1
28185,0
28186,0
28187,0
28188,1
28189,0
28190,0
28191,0
28192,0
28193,0
28194,1
28195,0
28196,1
28197,0
28198,1
28199,0
28200,0
28201,1
28202,0
28203,0
28204,0
28205,0
28206,0
28207,0
28208,0
28209,0
28210,1
28211,0
28212,1
28213,0
28214,0
28215,0
28216,0
28217,0
28218,0
28219,1
28220,0
28221,0
28222,0
28223,0
28224,1
28225,0
28226,0
28227,0
28228,0
28229,0
28230,0
28231,0
28232,0
28233,0
28234,0
28235,0
28236,0
28237,1
28238,0
28239,0
28240,0
28241,0
28242,0
28243,0
28244,0
28245,0
28246,0
28247,1
28248,0
28249,1
28250,1
28251,0
28252,1
28253,0
28254,1
28255,0
28256,0
28257,0
28258,0
28259,0
28260,0
28261,0
28262,0
28263,0
28264,0
28265,0
28266,0
28267,0
28268,0
28269,1
28270,0
28271,1
28272,1
28273,1
28274,1
28275,0
28276,0
28277,0
28278,0
28279,0
28280,0
28281,0
28282,1
28283,0
28284,0
28285,1
28286,0
28287,0
28288,0
28289,0
28290,0
28291,0
28292,0
28293,0
28294,0
28295,1
28296,0
28297,0
28298,0
28299,1
28300,0
28301,0
28302,0
28303,0
28304,0
28305,0
28306,0
28307,0
28308,0
28309,0
28310,0
28311,0
28312,0
28313,1
28314,0
28315,0
28316,0
28317,0
28318,0
28319,0
28320,0
28321,0
28322,0
28323,0
28324,0
28325,0
28326,0
28327,0
28328,0
28329,0
28330,0
28331,0
28332,0
28333,0
28334,0
28335,0
28336,0
28337,0
28338,0
28339,1
28340,0
28341,0
28342,0
28343,0
28344,0
28345,0
28346,0
28347,0
28348,0
28349,0
28350,0
28351,1
28352,0
28353,0
28354,0
28355,1
28356,0
28357,0
28358,0
28359,0
28360,0
28361,1
28362,0
28363,0
28364,0
28365,1
28366,0
28367,0
28368,1
28369,1
28370,0
28371,1
28372,0
28373,0
28374,0
28375,1
28376,0
28377,0
28378,0
28379,0
28380,0
28381,0
28382,1
28383,0
28384,0
28385,0
28386,1
28387,0
28388,0
28389,0
28390,0
28391,0
28392,1
28393,0
28394,0
28395,0
28396,1
28397,1
28398,0
28399,1
28400,0
28401,1
28402,1
28403,1
28404,0
28405,0
28406,0
28407,0
28408,0
28409,0
28410,0
28411,0
28412,0
28413,0
28414,1
28415,1
28416,0
28417,0
28418,0
28419,1
28420,0
28421,0
28422,0
28423,0
28424,0
28425,1
28426,0
28427,0
28428,0
28429,0
28430,0
28431,1
28432,0
28433,0
28434,0
28435,0
28436,0
28437,0
28438,1
28439,0
28440,0
28441,0
28442,0
28443,1
28444,0
28445,0
28446,0
28447,0
28448,0
28449,1
28450,0
28451,0
28452,0
28453,0
28454,0
28455,0
28456,0
28457,0
28458,0
28459,0
28460,0
28461,0
28462,0
28463,0
28464,0
28465,0
28466,0
28467,1
28468,0
28469,0
28470,1
28471,0
28472,0
28473,0
28474,0
28475,0
28476,0
28477,0
28478,0
28479,0
28480,0
28481,0
28482,0
28483,0
28484,1
28485,0
28486,0
28487,0
28488,0
28489,1
28490,0
28491,0
28492,1
28493,1
28494,1
28495,0
28496,1
28497,1
28498,0
28499,0
28500,0
28501,0
28502,0
28503,1
28504,0
28505,0
28506,0
28507,0
28508,0
28509,0
28510,1
28511,0
28512,0
28513,0
28514,0
28515,0
28516,0
28517,0
28518,0
28519,1
28520,0
28521,0
28522,0
28523,0
28524,0
28525,0
28526,0
28527,0
28528,0
28529,0
28530,0
28531,0
28532,0
28533,0
28534,1
28535,0
28536,0
28537,0
28538,0
28539,0
28540,1
28541,0
28542,0
28543,1
28544,1
28545,0
28546,0
28547,1
28548,0
28549,1
28550,0
28551,0
28552,0
28553,0
28554,0
28555,0
28556,0
28557,0
28558,0
28559,1
28560,0
28561,0
28562,0
28563,0
28564,0
28565,0
28566,0
28567,0
28568,1
28569,0
28570,0
28571,0
28572,0
28573,0
28574,0
28575,0
28576,1
28577,0
28578,0
28579,0
28580,0
28581,0
28582,0
28583,0
28584,1
28585,0
28586,0
28587,0
28588,0
28589,0
28590,0
28591,0
28592,0
28593,0
28594,0
28595,0
28596,0
28597,0
28598,0
28599,1
28600,0
28601,0
28602,0
28603,0
28604,0
28605,0
28606,0
28607,0
28608,0
28609,0
28610,0
28611,0
28612,0
28613,0
28614,0
28615,0
28616,1
28617,0
28618,0
28619,0
28620,0
28621,0
28622,0
28623,0
28624,0
28625,1
28626,0
28627,0
28628,0
28629,0
28630,0
28631,0
28632,0
28633,0
28634,0
28635,0
28636,1
28637,0
28638,1
28639,0
28640,0
28641,0
28642,0
28643,0
28644,1
28645,0
28646,0
28647,0
28648,0
28649,0
28650,1
28651,0
28652,0
28653,0
28654,1
28655,0
28656,0
28657,0
28658,0
28659,0
28660,1
28661,0
28662,0
28663,0
28664,0
28665,0
28666,0
28667,0
28668,1
28669,0
28670,1
28671,0
28672,1
28673,1
28674,0
28675,0
28676,0
28677,0
28678,0
28679,0
28680,1
28681,0
28682,0
28683,0
28684,1
28685,0
28686,0
28687,1
28688,0
28689,0
28690,0
28691,0
28692,1
28693,1
28694,1
28695,1
28696,0
28697,0
28698,0
28699,1
28700,0
28701,0
28702,0
28703,1
28704,0
28705,0
28706,0
28707,0
28708,0
28709,0
28710,0
28711,0
28712,0
28713,1
28714,1
28715,1
28716,0
28717,0
28718,0
28719,0
28720,0
28721,0
28722,0
28723,0
28724,1
28725,0
28726,0
28727,0
28728,0
28729,0
28730,0
28731,0
28732,1
28733,0
28734,0
28735,0
28736,0
28737,0
28738,0
28739,0
28740,1
28741,1
28742,0
28743,0
28744,0
28745,0
28746,1
28747,1
28748,0
28749,0
28750,0
28751,0
28752,0
28753,1
28754,0
28755,1
28756,0
28757,0
28758,0
28759,0
28760,0
28761,0
28762,0
28763,1
28764,0
28765,0
28766,0
28767,0
28768,0
28769,1
28770,0
28771,0
28772,1
28773,0
28774,0
28775,0
28776,0
28777,1
28778,0
28779,0
28780,0
28781,0
28782,0
28783,0
28784,0
28785,0
28786,0
28787,0
28788,0
28789,0
28790,0
28791,0
28792,1
28793,0
28794,1
28795,1
28796,0
28797,0
28798,1
28799,0
28800,0
28801,0
28802,0
28803,0
28804,0
28805,0
28806,0
28807,0
28808,0
28809,0
28810,1
28811,0
28812,0
28813,0
28814,0
28815,0
28816,1
28817,1
28818,0
28819,0
28820,0
28821,0
28822,0
28823,0
28824,0
28825,0
28826,0
28827,1
28828,0
28829,0
28830,1
28831,0
28832,0
28833,0
28834,0
28835,0
28836,1
28837,0
28838,0
28839,0
28840,0
28841,1
28842,0
28843,0
28844,0
28845,0
28846,1
28847,0
28848,0
28849,0
28850,1
28851,0
28852,0
28853,0
28854,1
28855,0
28856,1
28857,1
28858,0
28859,0
28860,0
28861,0
28862,1
28863,1
28864,1
28865,0
28866,0
28867,1
28868,0
28869,0
28870,0
28871,0
28872,1
28873,0
28874,0
28875,1
28876,0
28877,0
28878,1
28879,1
28880,0
28881,0
28882,0
28883,0
28884,0
28885,1
28886,0
28887,0
28888,0
28889,0
28890,1
28891,0
28892,0
28893,0
28894,0
28895,0
28896,0
28897,0
28898,1
28899,0
28900,0
28901,0
28902,1
28903,0
28904,0
28905,0
28906,0
28907,0
28908,1
28909,0
28910,0
28911,0
28912,0
28913,1
28914,1
28915,0
28916,0
28917,1
28918,0
28919,0
28920,0
28921,0
28922,0
28923,0
28924,0
28925,1
28926,0
28927,0
28928,0
28929,0
28930,0
28931,0
28932,0
28933,0
28934,0
28935,0
28936,0
28937,0
28938,1
28939,0
28940,0
28941,0
28942,0
28943,0
28944,0
28945,0
28946,0
28947,1
28948,0
28949,0
28950,0
28951,0
28952,0
28953,0
28954,0
28955,0
28956,0
28957,0
28958,0
28959,0
28960,0
28961,1
28962,0
28963,1
28964,0
28965,1
28966,0
28967,0
28968,0
28969,0
28970,0
28971,0
28972,0
28973,1
28974,0
28975,0
28976,1
28977,0
28978,1
28979,0
28980,0
28981,0
28982,0
28983,0
28984,0
28985,0
28986,0
28987,1
28988,1
28989,1
28990,0
28991,0
28992,0
28993,0
28994,0
28995,0
28996,1
28997,0
28998,0
28999,1
29000,1
29001,0
29002,0
29003,0
29004,0
29005,0
29006,0
29007,0
29008,0
29009,0
29010,0
29011,1
29012,0
29013,0
29014,0
29015,0
29016,0
29017,0
29018,0
29019,0
29020,0
29021,0
29022,1
29023,0
29024,0
29025,0
29026,0
29027,1
29028,0
29029,0
29030,1
29031,0
29032,0
29033,0
29034,0
29035,0
29036,1
29037,0
29038,0
29039,0
29040,0
29041,0
29042,0
29043,0
29044,0
29045,0
29046,0
29047,0
29048,1
29049,1
29050,0
29051,1
29052,0
29053,0
29054,1
29055,1
29056,0
29057,0
29058,1
29059,0
29060,0
29061,0
29062,0
29063,1
29064,0
29065,0
29066,0
29067,1
29068,1
29069,0
29070,0
29071,0
29072,0
29073,0
29074,1
29075,0
29076,0
29077,1
29078,0
29079,0
29080,0
29081,0
29082,0
29083,0
29084,0
29085,0
29086,0
29087,1
29088,0
29089,0
29090,1
29091,0
29092,0
29093,0
29094,0
29095,0
29096,1
29097,1
29098,0
29099,0
29100,0
29101,0
29102,0
29103,0
29104,0
29105,0
29106,0
29107,0
29108,0
29109,0
29110,0
29111,0
29112,0
29113,1
29114,0
29115,0
29116,0
29117,0
29118,0
29119,0
29120,0
29121,0
29122,0
29123,0
29124,0
29125,0
29126,0
29127,0
29128,0
29129,0
29130,0
29131,1
29132,0
29133,0
29134,0
29135,0
29136,0
29137,1
29138,0
29139,0
29140,1
29141,0
29142,0
29143,0
29144,0
29145,0
29146,0
29147,0
29148,0
29149,1
29150,1
29151,0
29152,0
29153,0
29154,0
29155,0
29156,0
29157,0
29158,0
29159,0
29160,1
29161,1
29162,0
29163,1
29164,0
29165,0
29166,0
29167,0
29168,0
29169,0
29170,1
29171,0
29172,0
29173,0
29174,0
29175,1
29176,0
29177,1
29178,0
29179,0
29180,0
29181,0
29182,0
29183,1
29184,1
29185,0
29186,0
29187,0
29188,0
29189,0
29190,0
29191,0
29192,0
29193,0
29194,0
29195,0
29196,0
29197,0
29198,1
29199,0
29200,0
29201,1
29202,0
29203,1
29204,1
29205,0
29206,1
29207,0
29208,1
29209,0
29210,0
29211,1
29212,0
29213,0
29214,0
29215,0
29216,0
29217,0
29218,0
29219,0
29220,0
29221,0
29222,1
29223,0
29224,0
29225,1
29226,0
29227,1
29228,1
29229,0
29230,0
29231,0
29232,1
29233,0
29234,0
29235,0
29236,0
29237,0
29238,1
29239,0
29240,0
29241,0
29242,0
29243,0
29244,1
29245,1
29246,0
29247,0
29248,0
29249,0
29250,0
29251,1
29252,0
29253,0
29254,0
29255,0
29256,1
29257,0
29258,0
29259,0
29260,0
29261,0
29262,1
29263,0
29264,0
29265,0
29266,0
29267,0
29268,1
29269,0
29270,0
29271,0
29272,0
29273,0
29274,0
29275,0
29276,0
29277,0
29278,0
29279,1
29280,0
29281,0
29282,0
29283,0
29284,0
29285,0
29286,0
29287,0
29288,0
29289,0
29290,0
29291,0
29292,0
29293,0
29294,0
29295,0
29296,0
29297,0
29298,0
29299,0
29300,1
29301,0
29302,0
29303,0
29304,0
29305,0
29306,0
29307,1
29308,0
29309,0
29310,0
29311,0
29312,0
29313,0
29314,0
29315,0
29316,0
29317,0
29318,0
29319,0
29320,0
29321,0
29322,0
29323,0
29324,0
29325,0
29326,1
29327,0
29328,0
29329,0
29330,0
29331,0
29332,0
29333,0
29334,1
29335,0
29336,1
29337,0
29338,0
29339,0
29340,0
29341,0
29342,0
29343,0
29344,0
29345,0
29346,0
29347,0
29348,0
29349,0
29350,0
29351,1
29352,0
29353,0
29354,0
29355,0
29356,0
29357,0
29358,0
29359,0
29360,0
29361,1
29362,1
29363,1
29364,1
29365,0
29366,0
29367,0
29368,0
29369,0
29370,0
29371,0
29372,0
29373,0
29374,0
29375,0
29376,0
29377,0
29378,1
29379,0
29380,0
29381,0
29382,0
29383,0
29384,0
29385,1
29386,0
29387,0
29388,0
29389,0
29390,0
29391,1
29392,0
29393,0
29394,0
29395,1
29396,0
29397,0
29398,1
29399,0
29400,0
29401,0
29402,0
29403,0
29404,0
29405,0
29406,0
29407,0
29408,0
29409,1
29410,0
29411,1
29412,1
29413,1
29414,0
29415,1
29416,0
29417,0
29418,0
29419,0
29420,0
29421,0
29422,0
29423,0
29424,1
29425,0
29426,0
29427,0
29428,0
29429,1
29430,1
29431,0
29432,0
29433,1
29434,0
29435,1
29436,1
29437,0
29438,0
29439,0
29440,1
29441,1
29442,0
29443,1
29444,0
29445,0
29446,1
29447,0
29448,0
29449,0
29450,0
29451,0
29452,0
29453,1
29454,0
29455,0
29456,1
29457,1
29458,0
29459,0
29460,0
29461,0
29462,1
29463,0
29464,0
29465,0
29466,0
29467,0
29468,0
29469,0
29470,1
29471,0
29472,0
29473,0
29474,1
29475,0
29476,0
29477,0
29478,0
29479,0
29480,0
29481,0
29482,1
29483,0
29484,1
29485,0
29486,0
29487,0
29488,0
29489,0
29490,0
29491,0
29492,0
29493,0
29494,1
29495,0
29496,1
29497,1
29498,0
29499,0
29500,1
29501,0
29502,0
29503,1
29504,0
29505,0
29506,1
29507,0
29508,0
29509,0
29510,0
29511,0
29512,0
29513,0
29514,0
29515,0
29516,0
29517,0
29518,0
29519,0
29520,0
29521,0
29522,0
29523,0
29524,0
29525,0
29526,0
29527,0
29528,0
29529,0
29530,1
29531,0
29532,0
29533,0
29534,0
29535,0
29536,1
29537,0
29538,0
29539,0
29540,1
29541,0
29542,1
29543,0
29544,0
29545,0
29546,0
29547,0
29548,0
29549,0
29550,1
29551,0
29552,0
29553,1
29554,1
29555,0
29556,0
29557,1
29558,0
29559,0
29560,0
29561,0
29562,0
29563,0
29564,0
29565,0
29566,0
29567,0
29568,0
29569,0
29570,0
29571,0
29572,0
29573,0
29574,0
29575,1
29576,0
29577,0
29578,0
29579,1
29580,0
29581,0
29582,0
29583,0
29584,1
29585,0
29586,0
29587,1
29588,0
29589,0
29590,0
29591,0
29592,0
29593,0
29594,0
29595,0
29596,0
29597,0
29598,1
29599,0
29600,0
29601,0
29602,0
29603,0
29604,1
29605,1
29606,0
29607,0
29608,0
29609,0
29610,0
29611,0
29612,0
29613,0
29614,1
29615,0
29616,0
29617,1
29618,1
29619,0
29620,0
29621,0
29622,1
29623,0
29624,1
29625,0
29626,0
29627,1
29628,0
29629,0
29630,0
29631,1
29632,0
29633,0
29634,0
29635,0
29636,0
29637,1
29638,1
29639,0
29640,0
29641,0
29642,0
29643,0
29644,0
29645,0
29646,0
29647,0
29648,1
29649,0
29650,0
29651,1
29652,0
29653,0
29654,1
29655,0
29656,0
29657,0
29658,0
29659,0
29660,0
29661,1
29662,0
29663,0
29664,0
29665,0
29666,0
29667,0
29668,1
29669,0
29670,0
29671,0
29672,0
29673,0
29674,0
29675,1
29676,0
29677,1
29678,0
29679,0
29680,0
29681,0
29682,1
29683,1
29684,0
29685,1
29686,1
29687,0
29688,0
29689,0
29690,1
29691,0
29692,0
29693,1
29694,0
29695,0
29696,0
29697,1
29698,0
29699,0
29700,0
29701,0
29702,0
29703,0
29704,0
29705,1
29706,0
29707,1
29708,0
29709,1
29710,0
29711,0
29712,1
29713,1
29714,1
29715,0
29716,1
29717,0
29718,0
29719,0
29720,0
29721,1
29722,1
29723,0
29724,0
29725,0
29726,0
29727,0
29728,0
29729,0
29730,0
29731,0
29732,0
29733,0
29734,0
29735,0
29736,1
29737,0
29738,0
29739,0
29740,0
29741,0
29742,0
29743,0
29744,0
29745,0
29746,0
29747,0
29748,0
29749,1
29750,0
29751,0
29752,0
29753,0
29754,0
29755,0
29756,0
29757,0
29758,0
29759,0
29760,0
29761,0
29762,0
29763,0
29764,0
29765,0
29766,1
29767,0
29768,0
29769,0
29770,0
29771,0
29772,0
29773,1
29774,0
29775,1
29776,0
29777,0
29778,0
29779,0
29780,0
29781,0
29782,0
29783,1
29784,1
29785,1
29786,0
29787,0
29788,0
29789,0
29790,0
29791,0
29792,0
29793,0
29794,1
29795,0
29796,0
29797,0
29798,1
29799,0
29800,0
29801,0
29802,0
29803,0
29804,0
29805,0
29806,1
29807,0
29808,0
29809,0
29810,0
29811,0
29812,1
29813,0
29814,0
29815,0
29816,1
29817,0
29818,0
29819,1
29820,0
29821,1
29822,1
29823,0
29824,0
29825,1
29826,1
29827,0
29828,0
29829,0
29830,0
29831,0
29832,1
29833,0
29834,0
29835,0
29836,0
29837,0
29838,0
29839,1
29840,0
29841,0
29842,0
29843,0
29844,1
29845,1
29846,0
29847,0
29848,0
29849,1
29850,0
29851,0
29852,0
29853,0
29854,0
29855,1
29856,0
29857,0
29858,1
29859,0
29860,0
29861,0
29862,0
29863,0
29864,1
29865,0
29866,0
29867,0
29868,0
29869,0
29870,0
29871,0
29872,0
29873,0
29874,1
29875,0
29876,1
29877,1
29878,1
29879,0
29880,0
29881,0
29882,1
29883,0
29884,1
29885,0
29886,0
29887,0
29888,0
29889,0
29890,0
29891,0
29892,0
29893,0
29894,0
29895,0
29896,0
29897,0
29898,0
29899,0
29900,0
29901,0
29902,0
29903,0
29904,0
29905,1
29906,1
29907,0
29908,0
29909,0
29910,1
29911,0
29912,0
29913,1
29914,1
29915,0
29916,0
29917,0
29918,0
29919,1
29920,0
29921,1
29922,0
29923,1
29924,1
29925,0
29926,0
29927,0
29928,0
29929,0
29930,1
29931,0
29932,0
29933,0
29934,0
29935,0
29936,0
29937,0
29938,0
29939,0
29940,0
29941,1
29942,1
29943,0
29944,0
29945,0
29946,1
29947,1
29948,0
29949,1
29950,0
29951,1
29952,0
29953,1
29954,0
29955,0
29956,0
29957,0
29958,0
29959,0
29960,0
29961,0
29962,0
29963,0
29964,1
29965,1
29966,0
29967,0
29968,0
29969,0
29970,0
29971,0
29972,0
29973,0
29974,0
29975,0
29976,1
29977,0
29978,0
29979,0
29980,1
29981,0
29982,0
29983,1
29984,1
29985,1
29986,1
29987,0
29988,0
29989,0
29990,0
29991,0
29992,1
29993,1
29994,1
29995,0
29996,0
29997,0
29998,0
29999,0
30000,0
30001,0
30002,0
30003,1
30004,0
30005,0
30006,0
30007,1
30008,0
30009,1
30010,0
30011,0
30012,0
30013,0
30014,0
30015,0
30016,0
30017,0
30018,0
30019,1
30020,0
30021,0
30022,0
30023,1
30024,0
30025,0
30026,0
30027,0
30028,0
30029,1
30030,0
30031,1
30032,0
30033,0
30034,0
30035,0
30036,0
30037,0
30038,0
30039,1
30040,0
30041,0
30042,0
30043,0
30044,0
30045,0
30046,1
30047,0
30048,1
30049,0
30050,0
30051,1
30052,1
30053,0
30054,0
30055,0
30056,0
30057,1
30058,0
30059,0
30060,0
30061,0
30062,0
30063,0
30064,0
30065,0
30066,1
30067,0
30068,0
30069,1
30070,0
30071,1
30072,0
30073,0
30074,0
30075,0
30076,0
30077,0
30078,1
30079,0
30080,1
30081,0
30082,0
30083,0
30084,0
30085,0
30086,0
30087,0
30088,1
30089,1
30090,0
30091,0
30092,0
30093,0
30094,0
30095,0
30096,0
30097,1
30098,0
30099,1
30100,0
30101,0
30102,0
30103,0
30104,0
30105,1
30106,0
30107,1
30108,0
30109,0
30110,0
30111,0
30112,0
30113,0
30114,0
30115,0
30116,0
30117,1
30118,0
30119,0
30120,0
30121,0
30122,0
30123,1
30124,0
30125,0
30126,0
30127,0
30128,1
30129,0
30130,1
30131,0
30132,0
30133,1
30134,0
30135,1
30136,0
30137,0
30138,1
30139,0
30140,1
30141,0
30142,0
30143,0
30144,0
30145,0
30146,0
30147,0
30148,0
30149,1
30150,0
30151,1
30152,1
30153,0
30154,0
30155,1
30156,0
30157,0
30158,0
30159,0
30160,0
30161,1
30162,0
30163,0
30164,0
30165,0
30166,0
30167,0
30168,0
30169,0
30170,0
30171,0
30172,0
30173,0
30174,0
30175,0
30176,0
30177,1
30178,0
30179,0
30180,0
30181,1
30182,0
30183,0
30184,1
30185,0
30186,0
30187,0
30188,0
30189,0
30190,1
30191,0
30192,0
30193,0
30194,0
30195,0
30196,0
30197,0
30198,1
30199,0
30200,0
30201,0
30202,0
30203,0
30204,0
30205,0
30206,0
30207,1
30208,1
30209,0
30210,0
30211,0
30212,0
30213,1
30214,0
30215,0
30216,0
30217,0
30218,0
30219,0
30220,0
30221,0
30222,0
30223,1
30224,0
30225,0
30226,0
30227,0
30228,0
30229,1
30230,0
30231,0
30232,1
30233,0
30234,0
30235,0
30236,0
30237,0
30238,0
30239,0
30240,1
30241,0
30242,1
30243,0
30244,0
30245,0
30246,1
30247,0
30248,0
30249,0
30250,0
30251,0
30252,0
30253,0
30254,0
30255,0
30256,0
30257,0
30258,1
30259,0
30260,0
30261,0
30262,0
30263,0
30264,1
30265,0
30266,1
30267,0
30268,0
30269,0
30270,0
30271,0
30272,0
30273,0
30274,0
30275,0
30276,0
30277,0
30278,0
30279,0
30280,0
30281,1
30282,0
30283,0
30284,0
30285,1
30286,0
30287,0
30288,0
30289,0
30290,1
30291,0
30292,0
30293,0
30294,0
30295,0
30296,0
30297,0
30298,0
30299,1
30300,0
30301,0
30302,0
30303,0
30304,1
30305,1
30306,1
30307,0
30308,0
30309,1
30310,0
30311,1
30312,1
30313,0
30314,1
30315,0
30316,0
30317,0
30318,0
30319,1
30320,0
30321,1
30322,0
30323,0
30324,0
30325,0
30326,0
30327,1
30328,0
30329,0
30330,0
30331,1
30332,0
30333,0
30334,0
30335,0
30336,0
30337,0
30338,0
30339,1
30340,0
30341,0
30342,0
30343,1
30344,0
30345,0
30346,0
30347,1
30348,0
30349,0
30350,1
30351,1
30352,0
30353,0
30354,0
30355,0
30356,1
30357,0
30358,0
30359,0
30360,1
30361,0
30362,0
30363,1
30364,0
30365,0
30366,0
30367,0
30368,0
30369,0
30370,0
30371,0
30372,0
30373,0
30374,0
30375,0
30376,0
30377,0
30378,0
30379,1
30380,0
30381,0
30382,0
30383,0
30384,0
30385,1
30386,0
30387,0
30388,0
30389,0
30390,0
30391,0
30392,0
30393,1
30394,0
30395,0
30396,0
30397,0
30398,0
30399,0
30400,1
30401,0
30402,1
30403,0
30404,0
30405,0
30406,0
30407,0
30408,0
30409,0
30410,0
30411,0
30412,0
30413,0
30414,1
30415,0
30416,0
30417,0
30418,0
30419,1
30420,0
30421,0
30422,1
30423,0
30424,0
30425,0
30426,0
30427,0
30428,0
30429,0
30430,0
30431,0
30432,0
30433,0
30434,0
30435,1
30436,0
30437,1
30438,0
30439,0
30440,0
30441,0
30442,0
30443,0
30444,1
30445,0
30446,0
30447,0
30448,0
30449,1
30450,0
30451,0
30452,0
30453,0
30454,0
30455,0
30456,1
30457,0
30458,0
30459,0
30460,0
30461,0
30462,0
30463,0
30464,0
30465,0
30466,1
30467,0
30468,0
30469,0
30470,0
30471,0
30472,0
30473,0
30474,0
30475,0
30476,0
30477,0
30478,1
30479,1
30480,1
30481,1
30482,0
30483,0
30484,1
30485,1
30486,0
30487,0
30488,1
30489,1
30490,0
30491,0
30492,0
30493,0
30494,0
30495,0
30496,0
30497,0
30498,0
30499,0
30500,0
30501,0
30502,0
30503,0
30504,0
30505,0
30506,0
30507,0
30508,0
30509,0
30510,0
30511,0
30512,0
30513,0
30514,0
30515,1
30516,0
30517,0
30518,0
30519,1
30520,0
30521,0
30522,0
30523,1
30524,1
30525,0
30526,0
30527,0
30528,0
30529,0
